   39.600   -8.800 2
   39.600   -8.800 6
   39.600   -8.800 17
   39.600   -8.800 0
   39.600   -8.800 0
   39.600   -8.800 12
   39.600   -8.800 32
   39.600   -8.800 4
   39.600   -8.800 3
   39.600   -8.800 2
   39.600   -8.800 2
   39.600   -8.800 3
   39.600   -8.800 17
   39.600   -8.800 1
   39.600   -8.800 7
   39.600   -8.800 3
   39.600   -8.800 19
   39.600   -8.800 41
   39.600   -8.800 32
   39.600   -8.800 31
   39.600   -8.800 2
   39.600   -8.800 1
   39.600   -8.800 3
   39.600   -8.800 0
   39.600   -8.800 1
   39.600   -8.800 2
   39.600   -8.800 0
   39.600   -8.800 0
   39.600   -8.800 0
   39.600   -8.800 0
