   39.600   -8.800 0
   39.600   -8.800 0
   39.600   -8.800 0
   39.600   -8.800 0
   39.600   -8.800 0
   39.600   -8.800 0
   39.600   -8.800 0
   39.600   -8.800 9
   39.600   -8.800 0
   39.600   -8.800 2
   39.600   -8.800 0
   39.600   -8.800 0
   39.600   -8.800 19
   39.600   -8.800 35
   39.600   -8.800 15
   39.600   -8.800 14
   39.600   -8.800 26
   39.600   -8.800 18
   39.600   -8.800 17
   39.600   -8.800 2
   39.600   -8.800 0
   39.600   -8.800 0
   39.600   -8.800 0
   39.600   -8.800 0
   39.600   -8.800 0
   39.600   -8.800 0
   39.600   -8.800 0
   39.600   -8.800 0
   39.600   -8.800 0
