   41.400   -8.200 0
   41.400   -8.200 7
   41.400   -8.200 0
   41.400   -8.200 15
   41.400   -8.200 0
   41.400   -8.200 0
   41.400   -8.200 12
   41.400   -8.200 21
   41.400   -8.200 0
   41.400   -8.200 0
   41.400   -8.200 0
   41.400   -8.200 0
   41.400   -8.200 7
   41.400   -8.200 5
   41.400   -8.200 30
   41.400   -8.200 33
   41.400   -8.200 9
   41.400   -8.200 4
   41.400   -8.200 0
   41.400   -8.200 0
   41.400   -8.200 0
   41.400   -8.200 0
   41.400   -8.200 0
   41.400   -8.200 0
   41.400   -8.200 0
   41.400   -8.200 8
   41.400   -8.200 0
   41.400   -8.200 0
   41.400   -8.200 0
   41.400   -8.200 0
   41.400   -8.200 0
