   41.400   -8.200 0
   41.400   -8.200 0
   41.400   -8.200 0
   41.400   -8.200 2
   41.400   -8.200 0
   41.400   -8.200 0
   41.400   -8.200 1
   41.400   -8.200 0
   41.400   -8.200 1
   41.400   -8.200 20
   41.400   -8.200 0
   41.400   -8.200 22
   41.400   -8.200 0
   41.400   -8.200 8
   41.400   -8.200 25
   41.400   -8.200 11
   41.400   -8.200 32
   41.400   -8.200 76
   41.400   -8.200 14
   41.400   -8.200 0
   41.400   -8.200 0
   41.400   -8.200 0
   41.400   -8.200 0
   41.400   -8.200 29
   41.400   -8.200 3
   41.400   -8.200 8
   41.400   -8.200 9
   41.400   -8.200 36
   41.400   -8.200 73
   41.400   -8.200 1
