   41.400   -8.200 16
   41.400   -8.200 4
   41.400   -8.200 3
   41.400   -8.200 29
   41.400   -8.200 56
   41.400   -8.200 21
   41.400   -8.200 60
   41.400   -8.200 45
   41.400   -8.200 35
   41.400   -8.200 6
   41.400   -8.200 0
   41.400   -8.200 0
   41.400   -8.200 21
   41.400   -8.200 6
   41.400   -8.200 5
   41.400   -8.200 7
   41.400   -8.200 0
   41.400   -8.200 2
   41.400   -8.200 25
   41.400   -8.200 26
   41.400   -8.200 35
   41.400   -8.200 45
   41.400   -8.200 29
   41.400   -8.200 73
   41.400   -8.200 56
   41.400   -8.200 13
   41.400   -8.200 0
   41.400   -8.200 3
   41.400   -8.200 1
