   41.400   -8.200 0
   41.400   -8.200 3
   41.400   -8.200 10
   41.400   -8.200 0
   41.400   -8.200 0
   41.400   -8.200 0
   41.400   -8.200 0
   41.400   -8.200 6
   41.400   -8.200 2
   41.400   -8.200 0
   41.400   -8.200 0
   41.400   -8.200 24
   41.400   -8.200 43
   41.400   -8.200 67
   41.400   -8.200 6
   41.400   -8.200 0
   41.400   -8.200 0
   41.400   -8.200 0
   41.400   -8.200 0
   41.400   -8.200 0
   41.400   -8.200 0
   41.400   -8.200 0
   41.400   -8.200 0
   41.400   -8.200 10
   41.400   -8.200 2
   41.400   -8.200 26
   41.400   -8.200 31
   41.400   -8.200 2
   41.400   -8.200 0
   41.400   -8.200 0
