   38.800   -7.200 0
   38.800   -7.200 2
   38.800   -7.200 0
   38.800   -7.200 0
   38.800   -7.200 0
   38.800   -7.200 5
   38.800   -7.200 5
   38.800   -7.200 0
   38.800   -7.200 0
   38.800   -7.200 9
   38.800   -7.200 27
   38.800   -7.200 6
   38.800   -7.200 9
   38.800   -7.200 1
   38.800   -7.200 0
   38.800   -7.200 0
   38.800   -7.200 2
   38.800   -7.200 0
   38.800   -7.200 10
   38.800   -7.200 3
   38.800   -7.200 3
   38.800   -7.200 0
   38.800   -7.200 0
   38.800   -7.200 6
   38.800   -7.200 0
   38.800   -7.200 0
   38.800   -7.200 0
   38.800   -7.200 6
   38.800   -7.200 3
   38.800   -7.200 6
   38.800   -7.200 9
