   40.200   -7.800 0
   40.200   -7.800 0
   40.200   -7.800 0
   40.200   -7.800 0
   40.200   -7.800 12
   40.200   -7.800 0
   40.200   -7.800 13
   40.200   -7.800 2
   40.200   -7.800 0
   40.200   -7.800 0
   40.200   -7.800 0
   40.200   -7.800 0
   40.200   -7.800 0
   40.200   -7.800 0
   40.200   -7.800 1
   40.200   -7.800 1
   40.200   -7.800 6
   40.200   -7.800 4
   40.200   -7.800 1
   40.200   -7.800 17
   40.200   -7.800 18
   40.200   -7.800 23
   40.200   -7.800 54
   40.200   -7.800 57
   40.200   -7.800 19
   40.200   -7.800 22
   40.200   -7.800 30
   40.200   -7.800 30
   40.200   -7.800 21
