   41.200   -7.200 0
   41.200   -7.200 5
   41.200   -7.200 5
   41.200   -7.200 44
   41.200   -7.200 2
   41.200   -7.200 17
   41.200   -7.200 0
   41.200   -7.200 0
   41.200   -7.200 0
   41.200   -7.200 0
   41.200   -7.200 0
   41.200   -7.200 0
   41.200   -7.200 0
   41.200   -7.200 0
   41.200   -7.200 9
   41.200   -7.200 0
   41.200   -7.200 0
   41.200   -7.200 0
   41.200   -7.200 0
   41.200   -7.200 0
   41.200   -7.200 3
   41.200   -7.200 0
   41.200   -7.200 0
   41.200   -7.200 0
   41.200   -7.200 0
   41.200   -7.200 0
   41.200   -7.200 0
   41.200   -7.200 0
   41.200   -7.200 0
   41.200   -7.200 0
