   41.200   -7.200 0
   41.200   -7.200 0
   41.200   -7.200 0
   41.200   -7.200 0
   41.200   -7.200 0
   41.200   -7.200 8
   41.200   -7.200 4
   41.200   -7.200 2
   41.200   -7.200 0
   41.200   -7.200 0
   41.200   -7.200 0
   41.200   -7.200 0
   41.200   -7.200 0
   41.200   -7.200 0
   41.200   -7.200 0
   41.200   -7.200 0
   41.200   -7.200 0
   41.200   -7.200 0
   41.200   -7.200 0
   41.200   -7.200 0
   41.200   -7.200 0
   41.200   -7.200 0
   41.200   -7.200 0
   41.200   -7.200 0
   41.200   -7.200 0
   41.200   -7.200 0
   41.200   -7.200 16
   41.200   -7.200 15
   41.200   -7.200 0
   41.200   -7.200 12
   41.200   -7.200 0
