   40.600   -8.600 15
   40.600   -8.600 0
   40.600   -8.600 14
   40.600   -8.600 3
   40.600   -8.600 24
   40.600   -8.600 20
   40.600   -8.600 8
   40.600   -8.600 18
   40.600   -8.600 0
   40.600   -8.600 0
   40.600   -8.600 14
   40.600   -8.600 9
   40.600   -8.600 5
   40.600   -8.600 10
   40.600   -8.600 34
   40.600   -8.600 0
   40.600   -8.600 11
   40.600   -8.600 16
   40.600   -8.600 1
   40.600   -8.600 5
   40.600   -8.600 14
   40.600   -8.600 5
   40.600   -8.600 5
   40.600   -8.600 2
   40.600   -8.600 10
   40.600   -8.600 0
   40.600   -8.600 0
   40.600   -8.600 0
   40.600   -8.600 34
   40.600   -8.600 22
