   41.800   -8.000 7
   41.800   -8.000 4
   41.800   -8.000 10
   41.800   -8.000 6
   41.800   -8.000 3
   41.800   -8.000 0
   41.800   -8.000 0
   41.800   -8.000 0
   41.800   -8.000 4
   41.800   -8.000 4
   41.800   -8.000 12
   41.800   -8.000 17
   41.800   -8.000 5
   41.800   -8.000 26
   41.800   -8.000 31
   41.800   -8.000 28
   41.800   -8.000 18
   41.800   -8.000 1
   41.800   -8.000 7
   41.800   -8.000 9
   41.800   -8.000 27
   41.800   -8.000 14
   41.800   -8.000 0
   41.800   -8.000 0
   41.800   -8.000 3
   41.800   -8.000 3
   41.800   -8.000 1
   41.800   -8.000 1
   41.800   -8.000 0
   41.800   -8.000 1
