   41.400   -8.200 15
   41.400   -8.200 0
   41.400   -8.200 0
   41.400   -8.200 4
   41.400   -8.200 40
   41.400   -8.200 57
   41.400   -8.200 8
   41.400   -8.200 1
   41.400   -8.200 9
   41.400   -8.200 0
   41.400   -8.200 1
   41.400   -8.200 0
   41.400   -8.200 29
   41.400   -8.200 0
   41.400   -8.200 0
   41.400   -8.200 0
   41.400   -8.200 0
   41.400   -8.200 0
   41.400   -8.200 16
   41.400   -8.200 1
   41.400   -8.200 0
   41.400   -8.200 0
   41.400   -8.200 14
   41.400   -8.200 0
   41.400   -8.200 2
   41.400   -8.200 47
   41.400   -8.200 7
   41.400   -8.200 12
   41.400   -8.200 8
   41.400   -8.200 29
