   41.400   -8.200 0
   41.400   -8.200 0
   41.400   -8.200 6
   41.400   -8.200 2
   41.400   -8.200 0
   41.400   -8.200 0
   41.400   -8.200 1
   41.400   -8.200 0
   41.400   -8.200 0
   41.400   -8.200 5
   41.400   -8.200 0
   41.400   -8.200 0
   41.400   -8.200 4
   41.400   -8.200 0
   41.400   -8.200 0
   41.400   -8.200 25
   41.400   -8.200 30
   41.400   -8.200 2
   41.400   -8.200 0
   41.400   -8.200 0
   41.400   -8.200 0
   41.400   -8.200 0
   41.400   -8.200 1
   41.400   -8.200 9
   41.400   -8.200 1
   41.400   -8.200 0
   41.400   -8.200 0
   41.400   -8.200 0
   41.400   -8.200 0
   41.400   -8.200 0
   41.400   -8.200 0
