   38.800   -8.600 0
   38.800   -8.600 11
   38.800   -8.600 1
   38.800   -8.600 57
   38.800   -8.600 1
   38.800   -8.600 0
   38.800   -8.600 31
   38.800   -8.600 4
   38.800   -8.600 4
   38.800   -8.600 2
   38.800   -8.600 2
   38.800   -8.600 5
   38.800   -8.600 5
   38.800   -8.600 4
   38.800   -8.600 0
   38.800   -8.600 20
   38.800   -8.600 1
   38.800   -8.600 1
   38.800   -8.600 0
   38.800   -8.600 0
   38.800   -8.600 0
   38.800   -8.600 3
   38.800   -8.600 1
   38.800   -8.600 18
   38.800   -8.600 2
   38.800   -8.600 0
   38.800   -8.600 1
   38.800   -8.600 0
   38.800   -8.600 0
   38.800   -8.600 0
   38.800   -8.600 0
