   40.200   -7.800 0
   40.200   -7.800 0
   40.200   -7.800 0
   40.200   -7.800 0
   40.200   -7.800 0
   40.200   -7.800 0
   40.200   -7.800 0
   40.200   -7.800 0
   40.200   -7.800 0
   40.200   -7.800 0
   40.200   -7.800 0
   40.200   -7.800 13
   40.200   -7.800 7
   40.200   -7.800 3
   40.200   -7.800 38
   40.200   -7.800 14
   40.200   -7.800 9
   40.200   -7.800 27
   40.200   -7.800 6
   40.200   -7.800 3
   40.200   -7.800 13
   40.200   -7.800 31
   40.200   -7.800 34
   40.200   -7.800 11
   40.200   -7.800 18
   40.200   -7.800 10
   40.200   -7.800 14
   40.200   -7.800 5
   40.200   -7.800 8
