   40.200   -7.800 9
   40.200   -7.800 1
   40.200   -7.800 17
   40.200   -7.800 9
   40.200   -7.800 1
   40.200   -7.800 5
   40.200   -7.800 0
   40.200   -7.800 0
   40.200   -7.800 0
   40.200   -7.800 0
   40.200   -7.800 0
   40.200   -7.800 0
   40.200   -7.800 0
   40.200   -7.800 0
   40.200   -7.800 0
   40.200   -7.800 0
   40.200   -7.800 0
   40.200   -7.800 0
   40.200   -7.800 0
   40.200   -7.800 2
   40.200   -7.800 3
   40.200   -7.800 21
   40.200   -7.800 1
   40.200   -7.800 14
   40.200   -7.800 10
   40.200   -7.800 0
   40.200   -7.800 0
   40.200   -7.800 0
   40.200   -7.800 0
   40.200   -7.800 0
