   41.200   -7.200 4
   41.200   -7.200 1
   41.200   -7.200 16
   41.200   -7.200 12
   41.200   -7.200 13
   41.200   -7.200 17
   41.200   -7.200 0
   41.200   -7.200 23
   41.200   -7.200 4
   41.200   -7.200 3
   41.200   -7.200 15
   41.200   -7.200 1
   41.200   -7.200 6
   41.200   -7.200 6
   41.200   -7.200 2
   41.200   -7.200 0
   41.200   -7.200 0
   41.200   -7.200 0
   41.200   -7.200 10
   41.200   -7.200 19
   41.200   -7.200 11
   41.200   -7.200 12
   41.200   -7.200 8
   41.200   -7.200 0
   41.200   -7.200 0
   41.200   -7.200 2
   41.200   -7.200 11
   41.200   -7.200 1
   41.200   -7.200 0
   41.200   -7.200 0
   41.200   -7.200 3
