   41.600   -8.200 0
   41.600   -8.200 0
   41.600   -8.200 0
   41.600   -8.200 0
   41.600   -8.200 0
   41.600   -8.200 6
   41.600   -8.200 18
   41.600   -8.200 36
   41.600   -8.200 31
   41.600   -8.200 20
   41.600   -8.200 71
   41.600   -8.200 79
   41.600   -8.200 13
   41.600   -8.200 30
   41.600   -8.200 8
   41.600   -8.200 16
   41.600   -8.200 7
   41.600   -8.200 25
   41.600   -8.200 25
   41.600   -8.200 52
   41.600   -8.200 49
   41.600   -8.200 33
   41.600   -8.200 0
   41.600   -8.200 18
   41.600   -8.200 39
   41.600   -8.200 41
   41.600   -8.200 45
   41.600   -8.200 66
   41.600   -8.200 42
