   40.600   -7.800 0
   40.600   -7.800 0
   40.600   -7.800 0
   40.600   -7.800 0
   40.600   -7.800 0
   40.600   -7.800 0
   40.600   -7.800 0
   40.600   -7.800 0
   40.600   -7.800 0
   40.600   -7.800 0
   40.600   -7.800 0
   40.600   -7.800 7
   40.600   -7.800 6
   40.600   -7.800 15
   40.600   -7.800 7
   40.600   -7.800 19
   40.600   -7.800 14
   40.600   -7.800 14
   40.600   -7.800 8
   40.600   -7.800 3
   40.600   -7.800 0
   40.600   -7.800 2
   40.600   -7.800 26
   40.600   -7.800 0
   40.600   -7.800 0
   40.600   -7.800 2
   40.600   -7.800 26
   40.600   -7.800 0
   40.600   -7.800 1
   40.600   -7.800 0
