   41.600   -8.200 0
   41.600   -8.200 5
   41.600   -8.200 4
   41.600   -8.200 0
   41.600   -8.200 3
   41.600   -8.200 10
   41.600   -8.200 20
   41.600   -8.200 2
   41.600   -8.200 0
   41.600   -8.200 0
   41.600   -8.200 2
   41.600   -8.200 1
   41.600   -8.200 3
   41.600   -8.200 5
   41.600   -8.200 0
   41.600   -8.200 7
   41.600   -8.200 10
   41.600   -8.200 46
   41.600   -8.200 29
   41.600   -8.200 18
   41.600   -8.200 18
   41.600   -8.200 14
   41.600   -8.200 27
   41.600   -8.200 4
   41.600   -8.200 23
   41.600   -8.200 22
   41.600   -8.200 3
   41.600   -8.200 17
   41.600   -8.200 5
   41.600   -8.200 17
   41.600   -8.200 7
