   41.600   -8.200 9
   41.600   -8.200 3
   41.600   -8.200 21
   41.600   -8.200 11
   41.600   -8.200 26
   41.600   -8.200 26
   41.600   -8.200 8
   41.600   -8.200 5
   41.600   -8.200 0
   41.600   -8.200 0
   41.600   -8.200 7
   41.600   -8.200 7
   41.600   -8.200 14
   41.600   -8.200 27
   41.600   -8.200 74
   41.600   -8.200 3
   41.600   -8.200 31
   41.600   -8.200 31
   41.600   -8.200 13
   41.600   -8.200 33
   41.600   -8.200 45
   41.600   -8.200 39
   41.600   -8.200 37
   41.600   -8.200 42
   41.600   -8.200 19
   41.600   -8.200 0
   41.600   -8.200 0
   41.600   -8.200 1
   41.600   -8.200 31
   41.600   -8.200 28
