   40.600   -8.600 0
   40.600   -8.600 0
   40.600   -8.600 0
   40.600   -8.600 0
   40.600   -8.600 0
   40.600   -8.600 0
   40.600   -8.600 0
   40.600   -8.600 0
   40.600   -8.600 0
   40.600   -8.600 0
   40.600   -8.600 0
   40.600   -8.600 0
   40.600   -8.600 0
   40.600   -8.600 2
   40.600   -8.600 17
   40.600   -8.600 1
   40.600   -8.600 2
   40.600   -8.600 0
   40.600   -8.600 0
   40.600   -8.600 0
   40.600   -8.600 0
   40.600   -8.600 0
   40.600   -8.600 0
   40.600   -8.600 0
   40.600   -8.600 0
   40.600   -8.600 6
   40.600   -8.600 12
   40.600   -8.600 6
   40.600   -8.600 2
   40.600   -8.600 0
