   41.800   -8.800 0
   41.800   -8.800 1
   41.800   -8.800 10
   41.800   -8.800 3
   41.800   -8.800 1
   41.800   -8.800 0
   41.800   -8.800 0
   41.800   -8.800 0
   41.800   -8.800 6
   41.800   -8.800 13
   41.800   -8.800 15
   41.800   -8.800 18
   41.800   -8.800 34
   41.800   -8.800 12
   41.800   -8.800 22
   41.800   -8.800 19
   41.800   -8.800 21
   41.800   -8.800 24
   41.800   -8.800 11
   41.800   -8.800 12
   41.800   -8.800 3
   41.800   -8.800 0
   41.800   -8.800 6
   41.800   -8.800 0
   41.800   -8.800 5
   41.800   -8.800 0
   41.800   -8.800 0
   41.800   -8.800 0
   41.800   -8.800 0
