   38.200   -8.600 0
   38.200   -8.600 0
   38.200   -8.600 0
   38.200   -8.600 0
   38.200   -8.600 0
   38.200   -8.600 0
   38.200   -8.600 0
   38.200   -8.600 0
   38.200   -8.600 0
   38.200   -8.600 0
   38.200   -8.600 3
   38.200   -8.600 8
   38.200   -8.600 19
   38.200   -8.600 1
   38.200   -8.600 0
   38.200   -8.600 0
   38.200   -8.600 0
   38.200   -8.600 0
   38.200   -8.600 0
   38.200   -8.600 0
   38.200   -8.600 0
   38.200   -8.600 0
   38.200   -8.600 0
   38.200   -8.600 0
   38.200   -8.600 0
   38.200   -8.600 0
   38.200   -8.600 0
   38.200   -8.600 0
   38.200   -8.600 0
   38.200   -8.600 0
