   38.600   -7.400 0
   38.600   -7.400 3
   38.600   -7.400 18
   38.600   -7.400 0
   38.600   -7.400 0
   38.600   -7.400 7
   38.600   -7.400 0
   38.600   -7.400 0
   38.600   -7.400 0
   38.600   -7.400 0
   38.600   -7.400 0
   38.600   -7.400 0
   38.600   -7.400 2
   38.600   -7.400 2
   38.600   -7.400 15
   38.600   -7.400 0
   38.600   -7.400 0
   38.600   -7.400 0
   38.600   -7.400 3
   38.600   -7.400 0
   38.600   -7.400 3
   38.600   -7.400 3
   38.600   -7.400 0
   38.600   -7.400 0
   38.600   -7.400 0
   38.600   -7.400 11
   38.600   -7.400 13
   38.600   -7.400 0
   38.600   -7.400 0
