   40.600   -7.800 0
   40.600   -7.800 0
   40.600   -7.800 0
   40.600   -7.800 1
   40.600   -7.800 4
   40.600   -7.800 0
   40.600   -7.800 8
   40.600   -7.800 0
   40.600   -7.800 0
   40.600   -7.800 0
   40.600   -7.800 0
   40.600   -7.800 0
   40.600   -7.800 0
   40.600   -7.800 0
   40.600   -7.800 0
   40.600   -7.800 0
   40.600   -7.800 0
   40.600   -7.800 5
   40.600   -7.800 0
   40.600   -7.800 12
   40.600   -7.800 18
   40.600   -7.800 29
   40.600   -7.800 59
   40.600   -7.800 49
   40.600   -7.800 11
   40.600   -7.800 16
   40.600   -7.800 17
   40.600   -7.800 48
   40.600   -7.800 29
