   39.800   -7.800 0
   39.800   -7.800 0
   39.800   -7.800 0
   39.800   -7.800 0
   39.800   -7.800 0
   39.800   -7.800 0
   39.800   -7.800 0
   39.800   -7.800 0
   39.800   -7.800 0
   39.800   -7.800 0
   39.800   -7.800 0
   39.800   -7.800 0
   39.800   -7.800 0
   39.800   -7.800 0
   39.800   -7.800 0
   39.800   -7.800 0
   39.800   -7.800 0
   39.800   -7.800 0
   39.800   -7.800 0
   39.800   -7.800 0
   39.800   -7.800 3
   39.800   -7.800 0
   39.800   -7.800 25
   39.800   -7.800 0
   39.800   -7.800 0
   39.800   -7.800 3
   39.800   -7.800 5
   39.800   -7.800 3
   39.800   -7.800 7
   39.800   -7.800 0
