   39.600   -8.800 0
   39.600   -8.800 0
   39.600   -8.800 0
   39.600   -8.800 0
   39.600   -8.800 0
   39.600   -8.800 9
   39.600   -8.800 2
   39.600   -8.800 0
   39.600   -8.800 0
   39.600   -8.800 1
   39.600   -8.800 5
   39.600   -8.800 1
   39.600   -8.800 12
   39.600   -8.800 17
   39.600   -8.800 24
   39.600   -8.800 15
   39.600   -8.800 2
   39.600   -8.800 2
   39.600   -8.800 3
   39.600   -8.800 1
   39.600   -8.800 5
   39.600   -8.800 0
   39.600   -8.800 0
   39.600   -8.800 0
   39.600   -8.800 0
   39.600   -8.800 0
   39.600   -8.800 6
   39.600   -8.800 0
   39.600   -8.800 8
   39.600   -8.800 1
