   41.600   -8.200 0
   41.600   -8.200 0
   41.600   -8.200 0
   41.600   -8.200 0
   41.600   -8.200 0
   41.600   -8.200 0
   41.600   -8.200 0
   41.600   -8.200 0
   41.600   -8.200 0
   41.600   -8.200 0
   41.600   -8.200 0
   41.600   -8.200 0
   41.600   -8.200 0
   41.600   -8.200 0
   41.600   -8.200 0
   41.600   -8.200 0
   41.600   -8.200 0
   41.600   -8.200 0
   41.600   -8.200 0
   41.600   -8.200 4
   41.600   -8.200 8
   41.600   -8.200 39
   41.600   -8.200 50
   41.600   -8.200 61
   41.600   -8.200 62
   41.600   -8.200 94
   41.600   -8.200 55
   41.600   -8.200 0
   41.600   -8.200 0
   41.600   -8.200 0
