   38.800   -9.200 0
   38.800   -9.200 0
   38.800   -9.200 0
   38.800   -9.200 0
   38.800   -9.200 0
   38.800   -9.200 8
   38.800   -9.200 2
   38.800   -9.200 0
   38.800   -9.200 0
   38.800   -9.200 0
   38.800   -9.200 0
   38.800   -9.200 0
   38.800   -9.200 0
   38.800   -9.200 0
   38.800   -9.200 0
   38.800   -9.200 0
   38.800   -9.200 0
   38.800   -9.200 0
   38.800   -9.200 0
   38.800   -9.200 18
   38.800   -9.200 18
   38.800   -9.200 9
   38.800   -9.200 8
   38.800   -9.200 10
   38.800   -9.200 12
   38.800   -9.200 1
   38.800   -9.200 7
   38.800   -9.200 4
   38.800   -9.200 1
