   41.200   -7.200 9
   41.200   -7.200 2
   41.200   -7.200 8
   41.200   -7.200 17
   41.200   -7.200 15
   41.200   -7.200 26
   41.200   -7.200 8
   41.200   -7.200 14
   41.200   -7.200 25
   41.200   -7.200 17
   41.200   -7.200 10
   41.200   -7.200 20
   41.200   -7.200 20
   41.200   -7.200 11
   41.200   -7.200 0
   41.200   -7.200 0
   41.200   -7.200 0
   41.200   -7.200 0
   41.200   -7.200 0
   41.200   -7.200 0
   41.200   -7.200 0
   41.200   -7.200 0
   41.200   -7.200 0
   41.200   -7.200 0
   41.200   -7.200 0
   41.200   -7.200 0
   41.200   -7.200 0
   41.200   -7.200 0
   41.200   -7.200 0
