   38.800   -9.200 0
   38.800   -9.200 43
   38.800   -9.200 31
   38.800   -9.200 27
   38.800   -9.200 2
   38.800   -9.200 26
   38.800   -9.200 35
   38.800   -9.200 0
   38.800   -9.200 0
   38.800   -9.200 19
   38.800   -9.200 32
   38.800   -9.200 7
   38.800   -9.200 2
   38.800   -9.200 15
   38.800   -9.200 0
   38.800   -9.200 15
   38.800   -9.200 8
   38.800   -9.200 0
   38.800   -9.200 34
   38.800   -9.200 26
   38.800   -9.200 3
   38.800   -9.200 0
   38.800   -9.200 25
   38.800   -9.200 20
   38.800   -9.200 0
   38.800   -9.200 11
   38.800   -9.200 4
   38.800   -9.200 0
   38.800   -9.200 0
