   41.400   -8.200 0
   41.400   -8.200 0
   41.400   -8.200 0
   41.400   -8.200 0
   41.400   -8.200 0
   41.400   -8.200 0
   41.400   -8.200 0
   41.400   -8.200 0
   41.400   -8.200 0
   41.400   -8.200 0
   41.400   -8.200 0
   41.400   -8.200 0
   41.400   -8.200 0
   41.400   -8.200 0
   41.400   -8.200 30
   41.400   -8.200 11
   41.400   -8.200 0
   41.400   -8.200 0
   41.400   -8.200 3
   41.400   -8.200 2
   41.400   -8.200 5
   41.400   -8.200 3
   41.400   -8.200 6
   41.400   -8.200 0
   41.400   -8.200 3
   41.400   -8.200 22
   41.400   -8.200 24
   41.400   -8.200 33
   41.400   -8.200 33
   41.400   -8.200 0
   41.400   -8.200 0
