   39.800   -7.800 6
   39.800   -7.800 13
   39.800   -7.800 2
   39.800   -7.800 0
   39.800   -7.800 12
   39.800   -7.800 4
   39.800   -7.800 9
   39.800   -7.800 15
   39.800   -7.800 0
   39.800   -7.800 0
   39.800   -7.800 0
   39.800   -7.800 0
   39.800   -7.800 0
   39.800   -7.800 0
   39.800   -7.800 0
   39.800   -7.800 0
   39.800   -7.800 2
   39.800   -7.800 28
   39.800   -7.800 2
   39.800   -7.800 22
   39.800   -7.800 5
   39.800   -7.800 4
   39.800   -7.800 0
   39.800   -7.800 0
   39.800   -7.800 0
   39.800   -7.800 0
   39.800   -7.800 0
   39.800   -7.800 0
   39.800   -7.800 0
   39.800   -7.800 0
   39.800   -7.800 0
