   39.800   -7.800 0
   39.800   -7.800 2
   39.800   -7.800 10
   39.800   -7.800 23
   39.800   -7.800 22
   39.800   -7.800 4
   39.800   -7.800 9
   39.800   -7.800 14
   39.800   -7.800 0
   39.800   -7.800 0
   39.800   -7.800 0
   39.800   -7.800 0
   39.800   -7.800 0
   39.800   -7.800 0
   39.800   -7.800 0
   39.800   -7.800 18
   39.800   -7.800 1
   39.800   -7.800 0
   39.800   -7.800 0
   39.800   -7.800 0
   39.800   -7.800 0
   39.800   -7.800 0
   39.800   -7.800 0
   39.800   -7.800 0
   39.800   -7.800 0
   39.800   -7.800 3
   39.800   -7.800 0
   39.800   -7.800 2
   39.800   -7.800 1
