   39.800   -7.800 0
   39.800   -7.800 0
   39.800   -7.800 0
   39.800   -7.800 0
   39.800   -7.800 0
   39.800   -7.800 1
   39.800   -7.800 0
   39.800   -7.800 0
   39.800   -7.800 0
   39.800   -7.800 0
   39.800   -7.800 3
   39.800   -7.800 0
   39.800   -7.800 0
   39.800   -7.800 0
   39.800   -7.800 0
   39.800   -7.800 0
   39.800   -7.800 3
   39.800   -7.800 20
   39.800   -7.800 13
   39.800   -7.800 2
   39.800   -7.800 24
   39.800   -7.800 3
   39.800   -7.800 5
   39.800   -7.800 15
   39.800   -7.800 1
   39.800   -7.800 17
   39.800   -7.800 1
   39.800   -7.800 2
   39.800   -7.800 6
