   38.800   -9.200 0
   38.800   -9.200 0
   38.800   -9.200 0
   38.800   -9.200 0
   38.800   -9.200 0
   38.800   -9.200 19
   38.800   -9.200 3
   38.800   -9.200 12
   38.800   -9.200 6
   38.800   -9.200 7
   38.800   -9.200 4
   38.800   -9.200 1
   38.800   -9.200 1
   38.800   -9.200 3
   38.800   -9.200 1
   38.800   -9.200 0
   38.800   -9.200 0
   38.800   -9.200 0
   38.800   -9.200 0
   38.800   -9.200 0
   38.800   -9.200 19
   38.800   -9.200 2
   38.800   -9.200 4
   38.800   -9.200 21
   38.800   -9.200 1
   38.800   -9.200 0
   38.800   -9.200 28
   38.800   -9.200 14
   38.800   -9.200 5
