   38.800   -9.200 0
   38.800   -9.200 0
   38.800   -9.200 0
   38.800   -9.200 0
   38.800   -9.200 0
   38.800   -9.200 0
   38.800   -9.200 0
   38.800   -9.200 0
   38.800   -9.200 0
   38.800   -9.200 0
   38.800   -9.200 0
   38.800   -9.200 8
   38.800   -9.200 5
   38.800   -9.200 30
   38.800   -9.200 35
   38.800   -9.200 0
   38.800   -9.200 0
   38.800   -9.200 0
   38.800   -9.200 0
   38.800   -9.200 0
   38.800   -9.200 0
   38.800   -9.200 0
   38.800   -9.200 0
   38.800   -9.200 0
   38.800   -9.200 0
   38.800   -9.200 0
   38.800   -9.200 0
   38.800   -9.200 0
   38.800   -9.200 0
   38.800   -9.200 0
   38.800   -9.200 0
