   38.800   -9.200 7
   38.800   -9.200 4
   38.800   -9.200 11
   38.800   -9.200 4
   38.800   -9.200 0
   38.800   -9.200 0
   38.800   -9.200 0
   38.800   -9.200 0
   38.800   -9.200 0
   38.800   -9.200 2
   38.800   -9.200 0
   38.800   -9.200 0
   38.800   -9.200 0
   38.800   -9.200 0
   38.800   -9.200 0
   38.800   -9.200 0
   38.800   -9.200 0
   38.800   -9.200 0
   38.800   -9.200 0
   38.800   -9.200 0
   38.800   -9.200 0
   38.800   -9.200 2
   38.800   -9.200 0
   38.800   -9.200 11
   38.800   -9.200 19
   38.800   -9.200 30
   38.800   -9.200 53
   38.800   -9.200 3
   38.800   -9.200 0
   38.800   -9.200 0
   38.800   -9.200 0
