   41.800   -8.000 6
   41.800   -8.000 0
   41.800   -8.000 0
   41.800   -8.000 0
   41.800   -8.000 0
   41.800   -8.000 3
   41.800   -8.000 4
   41.800   -8.000 11
   41.800   -8.000 4
   41.800   -8.000 5
   41.800   -8.000 8
   41.800   -8.000 11
   41.800   -8.000 6
   41.800   -8.000 15
   41.800   -8.000 20
   41.800   -8.000 18
   41.800   -8.000 6
   41.800   -8.000 0
   41.800   -8.000 5
   41.800   -8.000 6
   41.800   -8.000 1
   41.800   -8.000 0
   41.800   -8.000 0
   41.800   -8.000 0
   41.800   -8.000 5
   41.800   -8.000 6
   41.800   -8.000 0
   41.800   -8.000 0
   41.800   -8.000 0
   41.800   -8.000 0
   41.800   -8.000 22
