   41.800   -8.000 0
   41.800   -8.000 0
   41.800   -8.000 12
   41.800   -8.000 20
   41.800   -8.000 15
   41.800   -8.000 0
   41.800   -8.000 0
   41.800   -8.000 0
   41.800   -8.000 0
   41.800   -8.000 4
   41.800   -8.000 0
   41.800   -8.000 4
   41.800   -8.000 1
   41.800   -8.000 0
   41.800   -8.000 0
   41.800   -8.000 0
   41.800   -8.000 5
   41.800   -8.000 5
   41.800   -8.000 3
   41.800   -8.000 0
   41.800   -8.000 0
   41.800   -8.000 0
   41.800   -8.000 0
   41.800   -8.000 0
   41.800   -8.000 5
   41.800   -8.000 30
   41.800   -8.000 4
   41.800   -8.000 16
   41.800   -8.000 3
   41.800   -8.000 15
   41.800   -8.000 14
