   41.600   -8.200 0
   41.600   -8.200 2
   41.600   -8.200 1
   41.600   -8.200 0
   41.600   -8.200 1
   41.600   -8.200 20
   41.600   -8.200 3
   41.600   -8.200 0
   41.600   -8.200 0
   41.600   -8.200 0
   41.600   -8.200 0
   41.600   -8.200 0
   41.600   -8.200 0
   41.600   -8.200 4
   41.600   -8.200 0
   41.600   -8.200 0
   41.600   -8.200 0
   41.600   -8.200 0
   41.600   -8.200 12
   41.600   -8.200 12
   41.600   -8.200 3
   41.600   -8.200 9
   41.600   -8.200 25
   41.600   -8.200 23
   41.600   -8.200 89
   41.600   -8.200 30
   41.600   -8.200 40
   41.600   -8.200 40
   41.600   -8.200 0
   41.600   -8.200 0
   41.600   -8.200 0
