   41.600   -8.200 0
   41.600   -8.200 11
   41.600   -8.200 4
   41.600   -8.200 12
   41.600   -8.200 30
   41.600   -8.200 8
   41.600   -8.200 17
   41.600   -8.200 0
   41.600   -8.200 2
   41.600   -8.200 7
   41.600   -8.200 31
   41.600   -8.200 5
   41.600   -8.200 0
   41.600   -8.200 0
   41.600   -8.200 0
   41.600   -8.200 0
   41.600   -8.200 0
   41.600   -8.200 0
   41.600   -8.200 0
   41.600   -8.200 0
   41.600   -8.200 0
   41.600   -8.200 0
   41.600   -8.200 0
   41.600   -8.200 0
   41.600   -8.200 0
   41.600   -8.200 0
   41.600   -8.200 0
   41.600   -8.200 0
   41.600   -8.200 6
   41.600   -8.200 6
   41.600   -8.200 0
