   40.600   -8.600 0
   40.600   -8.600 0
   40.600   -8.600 0
   40.600   -8.600 0
   40.600   -8.600 0
   40.600   -8.600 0
   40.600   -8.600 0
   40.600   -8.600 0
   40.600   -8.600 0
   40.600   -8.600 0
   40.600   -8.600 0
   40.600   -8.600 0
   40.600   -8.600 0
   40.600   -8.600 0
   40.600   -8.600 4
   40.600   -8.600 0
   40.600   -8.600 36
   40.600   -8.600 5
   40.600   -8.600 10
   40.600   -8.600 25
   40.600   -8.600 4
   40.600   -8.600 0
   40.600   -8.600 12
   40.600   -8.600 0
   40.600   -8.600 5
   40.600   -8.600 2
   40.600   -8.600 0
   40.600   -8.600 5
   40.600   -8.600 0
   40.600   -8.600 0
