   41.600   -8.200 1
   41.600   -8.200 22
   41.600   -8.200 10
   41.600   -8.200 31
   41.600   -8.200 11
   41.600   -8.200 19
   41.600   -8.200 23
   41.600   -8.200 22
   41.600   -8.200 14
   41.600   -8.200 21
   41.600   -8.200 36
   41.600   -8.200 52
   41.600   -8.200 9
   41.600   -8.200 4
   41.600   -8.200 0
   41.600   -8.200 0
   41.600   -8.200 0
   41.600   -8.200 0
   41.600   -8.200 1
   41.600   -8.200 8
   41.600   -8.200 2
   41.600   -8.200 1
   41.600   -8.200 32
   41.600   -8.200 22
   41.600   -8.200 2
   41.600   -8.200 0
   41.600   -8.200 0
   41.600   -8.200 0
   41.600   -8.200 0
   41.600   -8.200 0
   41.600   -8.200 0
