   41.600   -8.200 0
   41.600   -8.200 0
   41.600   -8.200 0
   41.600   -8.200 0
   41.600   -8.200 0
   41.600   -8.200 37
   41.600   -8.200 7
   41.600   -8.200 8
   41.600   -8.200 29
   41.600   -8.200 6
   41.600   -8.200 26
   41.600   -8.200 27
   41.600   -8.200 41
   41.600   -8.200 3
   41.600   -8.200 0
   41.600   -8.200 0
   41.600   -8.200 0
   41.600   -8.200 0
   41.600   -8.200 0
   41.600   -8.200 1
   41.600   -8.200 12
   41.600   -8.200 55
   41.600   -8.200 4
   41.600   -8.200 0
   41.600   -8.200 0
   41.600   -8.200 14
   41.600   -8.200 0
   41.600   -8.200 14
   41.600   -8.200 17
