   41.600   -8.200 0
   41.600   -8.200 0
   41.600   -8.200 0
   41.600   -8.200 0
   41.600   -8.200 0
   41.600   -8.200 0
   41.600   -8.200 0
   41.600   -8.200 0
   41.600   -8.200 0
   41.600   -8.200 0
   41.600   -8.200 0
   41.600   -8.200 0
   41.600   -8.200 0
   41.600   -8.200 0
   41.600   -8.200 1
   41.600   -8.200 1
   41.600   -8.200 20
   41.600   -8.200 7
   41.600   -8.200 31
   41.600   -8.200 12
   41.600   -8.200 17
   41.600   -8.200 2
   41.600   -8.200 4
   41.600   -8.200 20
   41.600   -8.200 44
   41.600   -8.200 30
   41.600   -8.200 21
   41.600   -8.200 23
   41.600   -8.200 0
   41.600   -8.200 0
   41.600   -8.200 0
