   40.600   -7.200 0
   40.600   -7.200 0
   40.600   -7.200 0
   40.600   -7.200 0
   40.600   -7.200 0
   40.600   -7.200 0
   40.600   -7.200 0
   40.600   -7.200 0
   40.600   -7.200 0
   40.600   -7.200 4
   40.600   -7.200 0
   40.600   -7.200 6
   40.600   -7.200 1
   40.600   -7.200 5
   40.600   -7.200 25
   40.600   -7.200 11
   40.600   -7.200 35
   40.600   -7.200 31
   40.600   -7.200 13
   40.600   -7.200 0
   40.600   -7.200 0
   40.600   -7.200 0
   40.600   -7.200 0
   40.600   -7.200 19
   40.600   -7.200 8
   40.600   -7.200 1
   40.600   -7.200 1
   40.600   -7.200 12
   40.600   -7.200 35
   40.600   -7.200 0
