   39.600   -8.800 0
   39.600   -8.800 0
   39.600   -8.800 0
   39.600   -8.800 0
   39.600   -8.800 0
   39.600   -8.800 0
   39.600   -8.800 0
   39.600   -8.800 0
   39.600   -8.800 15
   39.600   -8.800 30
   39.600   -8.800 26
   39.600   -8.800 21
   39.600   -8.800 22
   39.600   -8.800 20
   39.600   -8.800 15
   39.600   -8.800 19
   39.600   -8.800 18
   39.600   -8.800 10
   39.600   -8.800 7
   39.600   -8.800 2
   39.600   -8.800 3
   39.600   -8.800 10
   39.600   -8.800 0
   39.600   -8.800 1
   39.600   -8.800 0
   39.600   -8.800 0
   39.600   -8.800 3
   39.600   -8.800 2
   39.600   -8.800 1
