   41.800   -8.000 0
   41.800   -8.000 7
   41.800   -8.000 3
   41.800   -8.000 0
   41.800   -8.000 0
   41.800   -8.000 0
   41.800   -8.000 0
   41.800   -8.000 0
   41.800   -8.000 0
   41.800   -8.000 0
   41.800   -8.000 0
   41.800   -8.000 0
   41.800   -8.000 0
   41.800   -8.000 0
   41.800   -8.000 0
   41.800   -8.000 0
   41.800   -8.000 0
   41.800   -8.000 0
   41.800   -8.000 0
   41.800   -8.000 0
   41.800   -8.000 0
   41.800   -8.000 0
   41.800   -8.000 0
   41.800   -8.000 0
   41.800   -8.000 0
   41.800   -8.000 0
   41.800   -8.000 0
   41.800   -8.000 0
   41.800   -8.000 0
   41.800   -8.000 0
   41.800   -8.000 3
