   41.800   -8.000 0
   41.800   -8.000 0
   41.800   -8.000 0
   41.800   -8.000 4
   41.800   -8.000 6
   41.800   -8.000 10
   41.800   -8.000 18
   41.800   -8.000 35
   41.800   -8.000 22
   41.800   -8.000 17
   41.800   -8.000 12
   41.800   -8.000 2
   41.800   -8.000 15
   41.800   -8.000 26
   41.800   -8.000 10
   41.800   -8.000 10
   41.800   -8.000 2
   41.800   -8.000 0
   41.800   -8.000 0
   41.800   -8.000 0
   41.800   -8.000 0
   41.800   -8.000 0
   41.800   -8.000 0
   41.800   -8.000 0
   41.800   -8.000 2
   41.800   -8.000 1
   41.800   -8.000 4
   41.800   -8.000 12
   41.800   -8.000 4
