   41.200   -7.200 9
   41.200   -7.200 13
   41.200   -7.200 1
   41.200   -7.200 1
   41.200   -7.200 0
   41.200   -7.200 15
   41.200   -7.200 9
   41.200   -7.200 1
   41.200   -7.200 0
   41.200   -7.200 0
   41.200   -7.200 0
   41.200   -7.200 0
   41.200   -7.200 0
   41.200   -7.200 0
   41.200   -7.200 0
   41.200   -7.200 0
   41.200   -7.200 0
   41.200   -7.200 0
   41.200   -7.200 0
   41.200   -7.200 0
   41.200   -7.200 0
   41.200   -7.200 0
   41.200   -7.200 0
   41.200   -7.200 0
   41.200   -7.200 0
   41.200   -7.200 0
   41.200   -7.200 0
   41.200   -7.200 10
   41.200   -7.200 2
   41.200   -7.200 0
   41.200   -7.200 0
