   41.200   -7.200 0
   41.200   -7.200 0
   41.200   -7.200 0
   41.200   -7.200 0
   41.200   -7.200 0
   41.200   -7.200 0
   41.200   -7.200 2
   41.200   -7.200 3
   41.200   -7.200 0
   41.200   -7.200 5
   41.200   -7.200 0
   41.200   -7.200 4
   41.200   -7.200 22
   41.200   -7.200 23
   41.200   -7.200 0
   41.200   -7.200 12
   41.200   -7.200 5
   41.200   -7.200 0
   41.200   -7.200 0
   41.200   -7.200 0
   41.200   -7.200 0
   41.200   -7.200 12
   41.200   -7.200 0
   41.200   -7.200 0
   41.200   -7.200 0
   41.200   -7.200 0
   41.200   -7.200 0
   41.200   -7.200 0
   41.200   -7.200 0
   41.200   -7.200 0
