   38.800   -8.600 8
   38.800   -8.600 15
   38.800   -8.600 6
   38.800   -8.600 0
   38.800   -8.600 0
   38.800   -8.600 16
   38.800   -8.600 40
   38.800   -8.600 9
   38.800   -8.600 5
   38.800   -8.600 12
   38.800   -8.600 2
   38.800   -8.600 28
   38.800   -8.600 20
   38.800   -8.600 19
   38.800   -8.600 12
   38.800   -8.600 3
   38.800   -8.600 62
   38.800   -8.600 19
   38.800   -8.600 72
   38.800   -8.600 7
   38.800   -8.600 1
   38.800   -8.600 0
   38.800   -8.600 0
   38.800   -8.600 0
   38.800   -8.600 0
   38.800   -8.600 0
   38.800   -8.600 0
   38.800   -8.600 0
   38.800   -8.600 0
   38.800   -8.600 0
