   38.800   -9.200 0
   38.800   -9.200 0
   38.800   -9.200 0
   38.800   -9.200 12
   38.800   -9.200 12
   38.800   -9.200 0
   38.800   -9.200 2
   38.800   -9.200 2
   38.800   -9.200 11
   38.800   -9.200 0
   38.800   -9.200 4
   38.800   -9.200 0
   38.800   -9.200 0
   38.800   -9.200 0
   38.800   -9.200 9
   38.800   -9.200 0
   38.800   -9.200 22
   38.800   -9.200 12
   38.800   -9.200 0
   38.800   -9.200 10
   38.800   -9.200 20
   38.800   -9.200 6
   38.800   -9.200 11
   38.800   -9.200 29
   38.800   -9.200 34
   38.800   -9.200 0
   38.800   -9.200 28
   38.800   -9.200 23
   38.800   -9.200 18
