   41.800   -8.000 0
   41.800   -8.000 0
   41.800   -8.000 0
   41.800   -8.000 0
   41.800   -8.000 0
   41.800   -8.000 2
   41.800   -8.000 7
   41.800   -8.000 3
   41.800   -8.000 7
   41.800   -8.000 1
   41.800   -8.000 28
   41.800   -8.000 37
   41.800   -8.000 31
   41.800   -8.000 18
   41.800   -8.000 4
   41.800   -8.000 4
   41.800   -8.000 18
   41.800   -8.000 20
   41.800   -8.000 0
   41.800   -8.000 0
   41.800   -8.000 0
   41.800   -8.000 1
   41.800   -8.000 0
   41.800   -8.000 0
   41.800   -8.000 0
   41.800   -8.000 3
   41.800   -8.000 20
   41.800   -8.000 12
   41.800   -8.000 4
   41.800   -8.000 0
   41.800   -8.000 0
