   41.800   -8.000 0
   41.800   -8.000 0
   41.800   -8.000 0
   41.800   -8.000 0
   41.800   -8.000 0
   41.800   -8.000 0
   41.800   -8.000 0
   41.800   -8.000 0
   41.800   -8.000 0
   41.800   -8.000 0
   41.800   -8.000 0
   41.800   -8.000 3
   41.800   -8.000 3
   41.800   -8.000 4
   41.800   -8.000 0
   41.800   -8.000 7
   41.800   -8.000 20
   41.800   -8.000 25
   41.800   -8.000 23
   41.800   -8.000 19
   41.800   -8.000 41
   41.800   -8.000 18
   41.800   -8.000 16
   41.800   -8.000 6
   41.800   -8.000 3
   41.800   -8.000 0
   41.800   -8.000 0
   41.800   -8.000 0
   41.800   -8.000 0
