   41.800   -8.000 1
   41.800   -8.000 0
   41.800   -8.000 0
   41.800   -8.000 0
   41.800   -8.000 0
   41.800   -8.000 0
   41.800   -8.000 1
   41.800   -8.000 4
   41.800   -8.000 7
   41.800   -8.000 12
   41.800   -8.000 35
   41.800   -8.000 19
   41.800   -8.000 24
   41.800   -8.000 31
   41.800   -8.000 20
   41.800   -8.000 22
   41.800   -8.000 12
   41.800   -8.000 0
   41.800   -8.000 3
   41.800   -8.000 14
   41.800   -8.000 17
   41.800   -8.000 0
   41.800   -8.000 0
   41.800   -8.000 0
   41.800   -8.000 0
   41.800   -8.000 0
   41.800   -8.000 0
   41.800   -8.000 0
   41.800   -8.000 0
   41.800   -8.000 0
   41.800   -8.000 0
