   41.800   -8.000 13
   41.800   -8.000 14
   41.800   -8.000 8
   41.800   -8.000 8
   41.800   -8.000 14
   41.800   -8.000 18
   41.800   -8.000 11
   41.800   -8.000 13
   41.800   -8.000 5
   41.800   -8.000 0
   41.800   -8.000 0
   41.800   -8.000 0
   41.800   -8.000 0
   41.800   -8.000 0
   41.800   -8.000 0
   41.800   -8.000 0
   41.800   -8.000 0
   41.800   -8.000 34
   41.800   -8.000 14
   41.800   -8.000 17
   41.800   -8.000 14
   41.800   -8.000 7
   41.800   -8.000 0
   41.800   -8.000 0
   41.800   -8.000 0
   41.800   -8.000 0
   41.800   -8.000 0
   41.800   -8.000 0
   41.800   -8.000 0
   41.800   -8.000 0
   41.800   -8.000 0
