   40.600   -7.800 55
   40.600   -7.800 29
   40.600   -7.800 16
   40.600   -7.800 10
   40.600   -7.800 8
   40.600   -7.800 2
   40.600   -7.800 5
   40.600   -7.800 21
   40.600   -7.800 16
   40.600   -7.800 24
   40.600   -7.800 19
   40.600   -7.800 8
   40.600   -7.800 0
   40.600   -7.800 0
   40.600   -7.800 3
   40.600   -7.800 1
   40.600   -7.800 0
   40.600   -7.800 0
   40.600   -7.800 2
   40.600   -7.800 0
   40.600   -7.800 0
   40.600   -7.800 0
   40.600   -7.800 0
   40.600   -7.800 0
   40.600   -7.800 6
   40.600   -7.800 1
   40.600   -7.800 0
   40.600   -7.800 0
   40.600   -7.800 1
