   39.800   -7.800 0
   39.800   -7.800 8
   39.800   -7.800 41
   39.800   -7.800 43
   39.800   -7.800 24
   39.800   -7.800 17
   39.800   -7.800 19
   39.800   -7.800 15
   39.800   -7.800 8
   39.800   -7.800 9
   39.800   -7.800 1
   39.800   -7.800 0
   39.800   -7.800 0
   39.800   -7.800 8
   39.800   -7.800 4
   39.800   -7.800 1
   39.800   -7.800 0
   39.800   -7.800 0
   39.800   -7.800 0
   39.800   -7.800 2
   39.800   -7.800 0
   39.800   -7.800 0
   39.800   -7.800 0
   39.800   -7.800 0
   39.800   -7.800 0
   39.800   -7.800 0
   39.800   -7.800 0
   39.800   -7.800 0
   39.800   -7.800 0
   39.800   -7.800 0
   39.800   -7.800 0
