   38.000   -7.800 24
   38.000   -7.800 12
   38.000   -7.800 0
   38.000   -7.800 0
   38.000   -7.800 0
   38.000   -7.800 0
   38.000   -7.800 0
   38.000   -7.800 1
   38.000   -7.800 0
   38.000   -7.800 0
   38.000   -7.800 3
   38.000   -7.800 16
   38.000   -7.800 18
   38.000   -7.800 0
   38.000   -7.800 2
   38.000   -7.800 0
   38.000   -7.800 0
   38.000   -7.800 24
   38.000   -7.800 7
   38.000   -7.800 6
   38.000   -7.800 0
   38.000   -7.800 0
   38.000   -7.800 0
   38.000   -7.800 0
   38.000   -7.800 0
   38.000   -7.800 0
   38.000   -7.800 0
   38.000   -7.800 0
   38.000   -7.800 6
   38.000   -7.800 1
   38.000   -7.800 0
