   41.800   -8.000 0
   41.800   -8.000 0
   41.800   -8.000 4
   41.800   -8.000 7
   41.800   -8.000 10
   41.800   -8.000 5
   41.800   -8.000 0
   41.800   -8.000 0
   41.800   -8.000 0
   41.800   -8.000 0
   41.800   -8.000 0
   41.800   -8.000 0
   41.800   -8.000 4
   41.800   -8.000 0
   41.800   -8.000 0
   41.800   -8.000 0
   41.800   -8.000 0
   41.800   -8.000 0
   41.800   -8.000 0
   41.800   -8.000 0
   41.800   -8.000 4
   41.800   -8.000 6
   41.800   -8.000 4
   41.800   -8.000 21
   41.800   -8.000 22
   41.800   -8.000 30
   41.800   -8.000 10
   41.800   -8.000 12
   41.800   -8.000 16
   41.800   -8.000 0
   41.800   -8.000 0
