   41.800   -8.000 7
   41.800   -8.000 9
   41.800   -8.000 16
   41.800   -8.000 20
   41.800   -8.000 0
   41.800   -8.000 5
   41.800   -8.000 9
   41.800   -8.000 10
   41.800   -8.000 0
   41.800   -8.000 0
   41.800   -8.000 0
   41.800   -8.000 0
   41.800   -8.000 0
   41.800   -8.000 0
   41.800   -8.000 0
   41.800   -8.000 0
   41.800   -8.000 0
   41.800   -8.000 0
   41.800   -8.000 0
   41.800   -8.000 6
   41.800   -8.000 16
   41.800   -8.000 5
   41.800   -8.000 10
   41.800   -8.000 17
   41.800   -8.000 14
   41.800   -8.000 11
   41.800   -8.000 7
   41.800   -8.000 11
   41.800   -8.000 19
