   37.400   -7.800 13
   37.400   -7.800 11
   37.400   -7.800 10
   37.400   -7.800 22
   37.400   -7.800 11
   37.400   -7.800 35
   37.400   -7.800 21
   37.400   -7.800 0
   37.400   -7.800 0
   37.400   -7.800 4
   37.400   -7.800 1
   37.400   -7.800 30
   37.400   -7.800 16
   37.400   -7.800 22
   37.400   -7.800 20
   37.400   -7.800 2
   37.400   -7.800 13
   37.400   -7.800 17
   37.400   -7.800 1
   37.400   -7.800 0
   37.400   -7.800 0
   37.400   -7.800 0
   37.400   -7.800 0
   37.400   -7.800 0
   37.400   -7.800 0
   37.400   -7.800 0
   37.400   -7.800 0
   37.400   -7.800 0
   37.400   -7.800 0
