   37.400   -7.800 0
   37.400   -7.800 0
   37.400   -7.800 0
   37.400   -7.800 0
   37.400   -7.800 0
   37.400   -7.800 28
   37.400   -7.800 0
   37.400   -7.800 2
   37.400   -7.800 9
   37.400   -7.800 9
   37.400   -7.800 6
   37.400   -7.800 0
   37.400   -7.800 0
   37.400   -7.800 9
   37.400   -7.800 30
   37.400   -7.800 6
   37.400   -7.800 1
   37.400   -7.800 2
   37.400   -7.800 3
   37.400   -7.800 0
   37.400   -7.800 0
   37.400   -7.800 0
   37.400   -7.800 1
   37.400   -7.800 1
   37.400   -7.800 0
   37.400   -7.800 24
   37.400   -7.800 43
   37.400   -7.800 25
   37.400   -7.800 0
