   38.200   -8.600 0
   38.200   -8.600 0
   38.200   -8.600 0
   38.200   -8.600 3
   38.200   -8.600 13
   38.200   -8.600 12
   38.200   -8.600 1
   38.200   -8.600 0
   38.200   -8.600 12
   38.200   -8.600 5
   38.200   -8.600 0
   38.200   -8.600 1
   38.200   -8.600 0
   38.200   -8.600 12
   38.200   -8.600 12
   38.200   -8.600 3
   38.200   -8.600 9
   38.200   -8.600 12
   38.200   -8.600 13
   38.200   -8.600 0
   38.200   -8.600 0
   38.200   -8.600 0
   38.200   -8.600 0
   38.200   -8.600 0
   38.200   -8.600 0
   38.200   -8.600 0
   38.200   -8.600 3
   38.200   -8.600 1
   38.200   -8.600 0
   38.200   -8.600 0
