   38.200   -8.600 1
   38.200   -8.600 0
   38.200   -8.600 10
   38.200   -8.600 0
   38.200   -8.600 0
   38.200   -8.600 0
   38.200   -8.600 0
   38.200   -8.600 0
   38.200   -8.600 0
   38.200   -8.600 0
   38.200   -8.600 0
   38.200   -8.600 0
   38.200   -8.600 0
   38.200   -8.600 0
   38.200   -8.600 0
   38.200   -8.600 0
   38.200   -8.600 0
   38.200   -8.600 0
   38.200   -8.600 0
   38.200   -8.600 0
   38.200   -8.600 15
   38.200   -8.600 3
   38.200   -8.600 0
   38.200   -8.600 1
   38.200   -8.600 15
   38.200   -8.600 0
   38.200   -8.600 10
   38.200   -8.600 38
   38.200   -8.600 8
