   38.200   -8.600 1
   38.200   -8.600 0
   38.200   -8.600 2
   38.200   -8.600 28
   38.200   -8.600 9
   38.200   -8.600 20
   38.200   -8.600 2
   38.200   -8.600 42
   38.200   -8.600 11
   38.200   -8.600 13
   38.200   -8.600 14
   38.200   -8.600 4
   38.200   -8.600 17
   38.200   -8.600 8
   38.200   -8.600 2
   38.200   -8.600 0
   38.200   -8.600 0
   38.200   -8.600 3
   38.200   -8.600 4
   38.200   -8.600 47
   38.200   -8.600 11
   38.200   -8.600 36
   38.200   -8.600 9
   38.200   -8.600 0
   38.200   -8.600 9
   38.200   -8.600 10
   38.200   -8.600 24
   38.200   -8.600 14
   38.200   -8.600 4
   38.200   -8.600 8
   38.200   -8.600 19
