   41.400   -8.200 0
   41.400   -8.200 0
   41.400   -8.200 2
   41.400   -8.200 41
   41.400   -8.200 12
   41.400   -8.200 22
   41.400   -8.200 38
   41.400   -8.200 43
   41.400   -8.200 7
   41.400   -8.200 32
   41.400   -8.200 22
   41.400   -8.200 14
   41.400   -8.200 3
   41.400   -8.200 2
   41.400   -8.200 0
   41.400   -8.200 7
   41.400   -8.200 34
   41.400   -8.200 19
   41.400   -8.200 3
   41.400   -8.200 7
   41.400   -8.200 0
   41.400   -8.200 5
   41.400   -8.200 3
   41.400   -8.200 0
   41.400   -8.200 0
   41.400   -8.200 0
   41.400   -8.200 0
   41.400   -8.200 0
   41.400   -8.200 0
   41.400   -8.200 0
