   41.400   -8.200 0
   41.400   -8.200 7
   41.400   -8.200 19
   41.400   -8.200 43
   41.400   -8.200 18
   41.400   -8.200 23
   41.400   -8.200 24
   41.400   -8.200 26
   41.400   -8.200 30
   41.400   -8.200 5
   41.400   -8.200 4
   41.400   -8.200 11
   41.400   -8.200 6
   41.400   -8.200 1
   41.400   -8.200 0
   41.400   -8.200 9
   41.400   -8.200 35
   41.400   -8.200 58
   41.400   -8.200 33
   41.400   -8.200 42
   41.400   -8.200 9
   41.400   -8.200 38
   41.400   -8.200 18
   41.400   -8.200 7
   41.400   -8.200 0
   41.400   -8.200 5
   41.400   -8.200 5
   41.400   -8.200 0
