   41.400   -8.200 0
   41.400   -8.200 0
   41.400   -8.200 0
   41.400   -8.200 0
   41.400   -8.200 0
   41.400   -8.200 20
   41.400   -8.200 17
   41.400   -8.200 15
   41.400   -8.200 16
   41.400   -8.200 38
   41.400   -8.200 9
   41.400   -8.200 21
   41.400   -8.200 15
   41.400   -8.200 21
   41.400   -8.200 49
   41.400   -8.200 8
   41.400   -8.200 12
   41.400   -8.200 23
   41.400   -8.200 17
   41.400   -8.200 0
   41.400   -8.200 0
   41.400   -8.200 0
   41.400   -8.200 0
   41.400   -8.200 0
   41.400   -8.200 0
   41.400   -8.200 0
   41.400   -8.200 0
   41.400   -8.200 0
   41.400   -8.200 0
   41.400   -8.200 0
   41.400   -8.200 0
