   40.600   -8.600 3
   40.600   -8.600 0
   40.600   -8.600 0
   40.600   -8.600 0
   40.600   -8.600 0
   40.600   -8.600 0
   40.600   -8.600 0
   40.600   -8.600 4
   40.600   -8.600 37
   40.600   -8.600 0
   40.600   -8.600 9
   40.600   -8.600 7
   40.600   -8.600 6
   40.600   -8.600 9
   40.600   -8.600 0
   40.600   -8.600 0
   40.600   -8.600 0
   40.600   -8.600 0
   40.600   -8.600 0
   40.600   -8.600 0
   40.600   -8.600 0
   40.600   -8.600 0
   40.600   -8.600 0
   40.600   -8.600 0
   40.600   -8.600 6
   40.600   -8.600 13
   40.600   -8.600 6
   40.600   -8.600 8
   40.600   -8.600 8
   40.600   -8.600 7
   40.600   -8.600 2
