   40.200   -7.800 20
   40.200   -7.800 13
   40.200   -7.800 38
   40.200   -7.800 7
   40.200   -7.800 0
   40.200   -7.800 0
   40.200   -7.800 0
   40.200   -7.800 0
   40.200   -7.800 0
   40.200   -7.800 12
   40.200   -7.800 0
   40.200   -7.800 0
   40.200   -7.800 0
   40.200   -7.800 0
   40.200   -7.800 0
   40.200   -7.800 0
   40.200   -7.800 0
   40.200   -7.800 0
   40.200   -7.800 0
   40.200   -7.800 3
   40.200   -7.800 2
   40.200   -7.800 6
   40.200   -7.800 0
   40.200   -7.800 3
   40.200   -7.800 45
   40.200   -7.800 12
   40.200   -7.800 92
   40.200   -7.800 13
   40.200   -7.800 0
   40.200   -7.800 0
   40.200   -7.800 0
