   40.200   -7.800 3
   40.200   -7.800 35
   40.200   -7.800 35
   40.200   -7.800 17
   40.200   -7.800 1
   40.200   -7.800 0
   40.200   -7.800 0
   40.200   -7.800 0
   40.200   -7.800 4
   40.200   -7.800 18
   40.200   -7.800 38
   40.200   -7.800 38
   40.200   -7.800 42
   40.200   -7.800 24
   40.200   -7.800 13
   40.200   -7.800 30
   40.200   -7.800 79
   40.200   -7.800 29
   40.200   -7.800 12
   40.200   -7.800 3
   40.200   -7.800 0
   40.200   -7.800 0
   40.200   -7.800 7
   40.200   -7.800 0
   40.200   -7.800 0
   40.200   -7.800 0
   40.200   -7.800 0
   40.200   -7.800 0
   40.200   -7.800 0
