   40.200   -7.800 0
   40.200   -7.800 0
   40.200   -7.800 0
   40.200   -7.800 0
   40.200   -7.800 0
   40.200   -7.800 0
   40.200   -7.800 5
   40.200   -7.800 1
   40.200   -7.800 9
   40.200   -7.800 0
   40.200   -7.800 4
   40.200   -7.800 4
   40.200   -7.800 0
   40.200   -7.800 0
   40.200   -7.800 20
   40.200   -7.800 3
   40.200   -7.800 6
   40.200   -7.800 1
   40.200   -7.800 0
   40.200   -7.800 0
   40.200   -7.800 0
   40.200   -7.800 23
   40.200   -7.800 33
   40.200   -7.800 16
   40.200   -7.800 34
   40.200   -7.800 13
   40.200   -7.800 21
   40.200   -7.800 13
   40.200   -7.800 8
   40.200   -7.800 6
   40.200   -7.800 11
