   39.800   -7.800 3
   39.800   -7.800 43
   39.800   -7.800 53
   39.800   -7.800 9
   39.800   -7.800 15
   39.800   -7.800 31
   39.800   -7.800 17
   39.800   -7.800 9
   39.800   -7.800 3
   39.800   -7.800 11
   39.800   -7.800 39
   39.800   -7.800 24
   39.800   -7.800 15
   39.800   -7.800 18
   39.800   -7.800 29
   39.800   -7.800 41
   39.800   -7.800 19
   39.800   -7.800 7
   39.800   -7.800 44
   39.800   -7.800 31
   39.800   -7.800 5
   39.800   -7.800 7
   39.800   -7.800 24
   39.800   -7.800 37
   39.800   -7.800 3
   39.800   -7.800 7
   39.800   -7.800 15
   39.800   -7.800 5
   39.800   -7.800 7
