   39.800   -7.800 0
   39.800   -7.800 0
   39.800   -7.800 0
   39.800   -7.800 0
   39.800   -7.800 0
   39.800   -7.800 0
   39.800   -7.800 0
   39.800   -7.800 0
   39.800   -7.800 0
   39.800   -7.800 0
   39.800   -7.800 3
   39.800   -7.800 0
   39.800   -7.800 0
   39.800   -7.800 0
   39.800   -7.800 0
   39.800   -7.800 0
   39.800   -7.800 0
   39.800   -7.800 0
   39.800   -7.800 0
   39.800   -7.800 3
   39.800   -7.800 5
   39.800   -7.800 5
   39.800   -7.800 6
   39.800   -7.800 6
   39.800   -7.800 19
   39.800   -7.800 33
   39.800   -7.800 7
   39.800   -7.800 3
   39.800   -7.800 2
   39.800   -7.800 0
   39.800   -7.800 0
