   40.600   -7.800 19
   40.600   -7.800 26
   40.600   -7.800 17
   40.600   -7.800 27
   40.600   -7.800 9
   40.600   -7.800 5
   40.600   -7.800 15
   40.600   -7.800 26
   40.600   -7.800 42
   40.600   -7.800 56
   40.600   -7.800 37
   40.600   -7.800 51
   40.600   -7.800 92
   40.600   -7.800 5
   40.600   -7.800 1
   40.600   -7.800 8
   40.600   -7.800 1
   40.600   -7.800 0
   40.600   -7.800 0
   40.600   -7.800 0
   40.600   -7.800 0
   40.600   -7.800 11
   40.600   -7.800 16
   40.600   -7.800 5
   40.600   -7.800 1
   40.600   -7.800 0
   40.600   -7.800 2
   40.600   -7.800 0
   40.600   -7.800 10
   40.600   -7.800 9
