   40.600   -7.800 4
   40.600   -7.800 6
   40.600   -7.800 0
   40.600   -7.800 2
   40.600   -7.800 7
   40.600   -7.800 1
   40.600   -7.800 0
   40.600   -7.800 0
   40.600   -7.800 37
   40.600   -7.800 15
   40.600   -7.800 9
   40.600   -7.800 12
   40.600   -7.800 12
   40.600   -7.800 5
   40.600   -7.800 4
   40.600   -7.800 29
   40.600   -7.800 14
   40.600   -7.800 12
   40.600   -7.800 1
   40.600   -7.800 0
   40.600   -7.800 0
   40.600   -7.800 0
   40.600   -7.800 0
   40.600   -7.800 0
   40.600   -7.800 0
   40.600   -7.800 0
   40.600   -7.800 0
   40.600   -7.800 0
   40.600   -7.800 0
