   38.800   -7.200 0
   38.800   -7.200 0
   38.800   -7.200 0
   38.800   -7.200 0
   38.800   -7.200 0
   38.800   -7.200 22
   38.800   -7.200 0
   38.800   -7.200 0
   38.800   -7.200 7
   38.800   -7.200 44
   38.800   -7.200 11
   38.800   -7.200 5
   38.800   -7.200 5
   38.800   -7.200 0
   38.800   -7.200 0
   38.800   -7.200 0
   38.800   -7.200 0
   38.800   -7.200 0
   38.800   -7.200 8
   38.800   -7.200 4
   38.800   -7.200 13
   38.800   -7.200 8
   38.800   -7.200 6
   38.800   -7.200 0
   38.800   -7.200 0
   38.800   -7.200 0
   38.800   -7.200 0
   38.800   -7.200 0
   38.800   -7.200 0
   38.800   -7.200 0
