   38.800   -7.200 0
   38.800   -7.200 44
   38.800   -7.200 0
   38.800   -7.200 0
   38.800   -7.200 0
   38.800   -7.200 6
   38.800   -7.200 0
   38.800   -7.200 0
   38.800   -7.200 0
   38.800   -7.200 0
   38.800   -7.200 0
   38.800   -7.200 0
   38.800   -7.200 0
   38.800   -7.200 0
   38.800   -7.200 0
   38.800   -7.200 0
   38.800   -7.200 17
   38.800   -7.200 11
   38.800   -7.200 5
   38.800   -7.200 4
   38.800   -7.200 26
   38.800   -7.200 10
   38.800   -7.200 4
   38.800   -7.200 3
   38.800   -7.200 0
   38.800   -7.200 0
   38.800   -7.200 5
   38.800   -7.200 13
   38.800   -7.200 7
