   41.400   -8.200 38
   41.400   -8.200 0
   41.400   -8.200 10
   41.400   -8.200 10
   41.400   -8.200 40
   41.400   -8.200 0
   41.400   -8.200 0
   41.400   -8.200 15
   41.400   -8.200 3
   41.400   -8.200 0
   41.400   -8.200 0
   41.400   -8.200 0
   41.400   -8.200 0
   41.400   -8.200 33
   41.400   -8.200 4
   41.400   -8.200 0
   41.400   -8.200 0
   41.400   -8.200 9
   41.400   -8.200 0
   41.400   -8.200 0
   41.400   -8.200 11
   41.400   -8.200 14
   41.400   -8.200 9
   41.400   -8.200 24
   41.400   -8.200 56
   41.400   -8.200 18
   41.400   -8.200 0
   41.400   -8.200 2
   41.400   -8.200 0
