   41.400   -8.200 1
   41.400   -8.200 26
   41.400   -8.200 8
   41.400   -8.200 0
   41.400   -8.200 0
   41.400   -8.200 0
   41.400   -8.200 0
   41.400   -8.200 10
   41.400   -8.200 40
   41.400   -8.200 28
   41.400   -8.200 19
   41.400   -8.200 9
   41.400   -8.200 17
   41.400   -8.200 43
   41.400   -8.200 19
   41.400   -8.200 2
   41.400   -8.200 1
   41.400   -8.200 2
   41.400   -8.200 0
   41.400   -8.200 9
   41.400   -8.200 13
   41.400   -8.200 14
   41.400   -8.200 15
   41.400   -8.200 0
   41.400   -8.200 0
   41.400   -8.200 0
   41.400   -8.200 0
   41.400   -8.200 0
   41.400   -8.200 3
   41.400   -8.200 1
   41.400   -8.200 2
