   41.400   -8.200 0
   41.400   -8.200 1
   41.400   -8.200 0
   41.400   -8.200 19
   41.400   -8.200 6
   41.400   -8.200 15
   41.400   -8.200 1
   41.400   -8.200 58
   41.400   -8.200 36
   41.400   -8.200 11
   41.400   -8.200 32
   41.400   -8.200 52
   41.400   -8.200 32
   41.400   -8.200 27
   41.400   -8.200 39
   41.400   -8.200 26
   41.400   -8.200 58
   41.400   -8.200 38
   41.400   -8.200 10
   41.400   -8.200 12
   41.400   -8.200 24
   41.400   -8.200 1
   41.400   -8.200 0
   41.400   -8.200 0
   41.400   -8.200 0
   41.400   -8.200 14
   41.400   -8.200 9
   41.400   -8.200 23
   41.400   -8.200 12
   41.400   -8.200 30
   41.400   -8.200 42
