   41.400   -8.200 0
   41.400   -8.200 0
   41.400   -8.200 0
   41.400   -8.200 0
   41.400   -8.200 0
   41.400   -8.200 0
   41.400   -8.200 0
   41.400   -8.200 0
   41.400   -8.200 0
   41.400   -8.200 5
   41.400   -8.200 15
   41.400   -8.200 37
   41.400   -8.200 57
   41.400   -8.200 34
   41.400   -8.200 36
   41.400   -8.200 12
   41.400   -8.200 22
   41.400   -8.200 11
   41.400   -8.200 40
   41.400   -8.200 9
   41.400   -8.200 16
   41.400   -8.200 15
   41.400   -8.200 0
   41.400   -8.200 0
   41.400   -8.200 0
   41.400   -8.200 0
   41.400   -8.200 0
   41.400   -8.200 13
   41.400   -8.200 0
