   41.600   -8.200 23
   41.600   -8.200 8
   41.600   -8.200 13
   41.600   -8.200 6
   41.600   -8.200 16
   41.600   -8.200 14
   41.600   -8.200 36
   41.600   -8.200 9
   41.600   -8.200 28
   41.600   -8.200 12
   41.600   -8.200 35
   41.600   -8.200 3
   41.600   -8.200 0
   41.600   -8.200 0
   41.600   -8.200 0
   41.600   -8.200 0
   41.600   -8.200 0
   41.600   -8.200 0
   41.600   -8.200 0
   41.600   -8.200 0
   41.600   -8.200 0
   41.600   -8.200 0
   41.600   -8.200 0
   41.600   -8.200 0
   41.600   -8.200 0
   41.600   -8.200 0
   41.600   -8.200 1
   41.600   -8.200 6
   41.600   -8.200 13
   41.600   -8.200 31
