   41.600   -8.200 44
   41.600   -8.200 42
   41.600   -8.200 22
   41.600   -8.200 20
   41.600   -8.200 28
   41.600   -8.200 31
   41.600   -8.200 9
   41.600   -8.200 14
   41.600   -8.200 0
   41.600   -8.200 0
   41.600   -8.200 0
   41.600   -8.200 0
   41.600   -8.200 0
   41.600   -8.200 0
   41.600   -8.200 0
   41.600   -8.200 7
   41.600   -8.200 22
   41.600   -8.200 11
   41.600   -8.200 0
   41.600   -8.200 1
   41.600   -8.200 1
   41.600   -8.200 14
   41.600   -8.200 19
   41.600   -8.200 21
   41.600   -8.200 4
   41.600   -8.200 0
   41.600   -8.200 0
   41.600   -8.200 0
   41.600   -8.200 0
   41.600   -8.200 12
