   41.600   -8.200 0
   41.600   -8.200 0
   41.600   -8.200 0
   41.600   -8.200 0
   41.600   -8.200 0
   41.600   -8.200 0
   41.600   -8.200 0
   41.600   -8.200 0
   41.600   -8.200 0
   41.600   -8.200 0
   41.600   -8.200 0
   41.600   -8.200 0
   41.600   -8.200 0
   41.600   -8.200 0
   41.600   -8.200 0
   41.600   -8.200 0
   41.600   -8.200 0
   41.600   -8.200 0
   41.600   -8.200 0
   41.600   -8.200 0
   41.600   -8.200 22
   41.600   -8.200 32
   41.600   -8.200 26
   41.600   -8.200 19
   41.600   -8.200 0
   41.600   -8.200 0
   41.600   -8.200 16
   41.600   -8.200 9
   41.600   -8.200 3
   41.600   -8.200 0
   41.600   -8.200 1
