   41.600   -8.200 7
   41.600   -8.200 1
   41.600   -8.200 0
   41.600   -8.200 0
   41.600   -8.200 0
   41.600   -8.200 0
   41.600   -8.200 0
   41.600   -8.200 0
   41.600   -8.200 0
   41.600   -8.200 0
   41.600   -8.200 0
   41.600   -8.200 0
   41.600   -8.200 0
   41.600   -8.200 0
   41.600   -8.200 0
   41.600   -8.200 0
   41.600   -8.200 0
   41.600   -8.200 0
   41.600   -8.200 0
   41.600   -8.200 0
   41.600   -8.200 0
   41.600   -8.200 6
   41.600   -8.200 15
   41.600   -8.200 0
   41.600   -8.200 38
   41.600   -8.200 96
   41.600   -8.200 1
   41.600   -8.200 5
   41.600   -8.200 0
   41.600   -8.200 1
