   41.600   -8.200 0
   41.600   -8.200 1
   41.600   -8.200 8
   41.600   -8.200 14
   41.600   -8.200 2
   41.600   -8.200 38
   41.600   -8.200 4
   41.600   -8.200 6
   41.600   -8.200 0
   41.600   -8.200 1
   41.600   -8.200 3
   41.600   -8.200 0
   41.600   -8.200 0
   41.600   -8.200 0
   41.600   -8.200 0
   41.600   -8.200 0
   41.600   -8.200 0
   41.600   -8.200 11
   41.600   -8.200 6
   41.600   -8.200 7
   41.600   -8.200 5
   41.600   -8.200 1
   41.600   -8.200 2
   41.600   -8.200 9
   41.600   -8.200 9
   41.600   -8.200 5
   41.600   -8.200 1
   41.600   -8.200 0
   41.600   -8.200 0
   41.600   -8.200 0
