   37.400   -7.800 32
   37.400   -7.800 12
   37.400   -7.800 0
   37.400   -7.800 0
   37.400   -7.800 0
   37.400   -7.800 0
   37.400   -7.800 0
   37.400   -7.800 1
   37.400   -7.800 0
   37.400   -7.800 0
   37.400   -7.800 2
   37.400   -7.800 17
   37.400   -7.800 5
   37.400   -7.800 1
   37.400   -7.800 5
   37.400   -7.800 0
   37.400   -7.800 0
   37.400   -7.800 28
   37.400   -7.800 3
   37.400   -7.800 8
   37.400   -7.800 0
   37.400   -7.800 0
   37.400   -7.800 0
   37.400   -7.800 0
   37.400   -7.800 0
   37.400   -7.800 0
   37.400   -7.800 2
   37.400   -7.800 3
   37.400   -7.800 14
   37.400   -7.800 1
   37.400   -7.800 0
