   38.800   -8.600 8
   38.800   -8.600 4
   38.800   -8.600 4
   38.800   -8.600 8
   38.800   -8.600 0
   38.800   -8.600 4
   38.800   -8.600 25
   38.800   -8.600 5
   38.800   -8.600 0
   38.800   -8.600 0
   38.800   -8.600 0
   38.800   -8.600 0
   38.800   -8.600 0
   38.800   -8.600 0
   38.800   -8.600 4
   38.800   -8.600 21
   38.800   -8.600 9
   38.800   -8.600 6
   38.800   -8.600 7
   38.800   -8.600 0
   38.800   -8.600 0
   38.800   -8.600 0
   38.800   -8.600 0
   38.800   -8.600 0
   38.800   -8.600 0
   38.800   -8.600 0
   38.800   -8.600 0
   38.800   -8.600 0
   38.800   -8.600 4
   38.800   -8.600 0
   38.800   -8.600 0
