   38.800   -8.600 8
   38.800   -8.600 7
   38.800   -8.600 17
   38.800   -8.600 36
   38.800   -8.600 10
   38.800   -8.600 0
   38.800   -8.600 5
   38.800   -8.600 1
   38.800   -8.600 4
   38.800   -8.600 2
   38.800   -8.600 3
   38.800   -8.600 4
   38.800   -8.600 0
   38.800   -8.600 0
   38.800   -8.600 0
   38.800   -8.600 25
   38.800   -8.600 1
   38.800   -8.600 5
   38.800   -8.600 6
   38.800   -8.600 12
   38.800   -8.600 1
   38.800   -8.600 10
   38.800   -8.600 38
   38.800   -8.600 6
   38.800   -8.600 0
   38.800   -8.600 11
   38.800   -8.600 0
   38.800   -8.600 0
   38.800   -8.600 0
   38.800   -8.600 0
