   38.800   -8.600 0
   38.800   -8.600 10
   38.800   -8.600 0
   38.800   -8.600 0
   38.800   -8.600 0
   38.800   -8.600 2
   38.800   -8.600 2
   38.800   -8.600 0
   38.800   -8.600 1
   38.800   -8.600 6
   38.800   -8.600 0
   38.800   -8.600 0
   38.800   -8.600 0
   38.800   -8.600 1
   38.800   -8.600 17
   38.800   -8.600 32
   38.800   -8.600 14
   38.800   -8.600 2
   38.800   -8.600 10
   38.800   -8.600 29
   38.800   -8.600 0
   38.800   -8.600 0
   38.800   -8.600 1
   38.800   -8.600 7
   38.800   -8.600 0
   38.800   -8.600 0
   38.800   -8.600 16
   38.800   -8.600 0
   38.800   -8.600 3
