   38.800   -9.200 3
   38.800   -9.200 0
   38.800   -9.200 29
   38.800   -9.200 9
   38.800   -9.200 10
   38.800   -9.200 0
   38.800   -9.200 0
   38.800   -9.200 3
   38.800   -9.200 0
   38.800   -9.200 0
   38.800   -9.200 3
   38.800   -9.200 13
   38.800   -9.200 0
   38.800   -9.200 0
   38.800   -9.200 0
   38.800   -9.200 0
   38.800   -9.200 0
   38.800   -9.200 0
   38.800   -9.200 0
   38.800   -9.200 0
   38.800   -9.200 0
   38.800   -9.200 0
   38.800   -9.200 0
   38.800   -9.200 0
   38.800   -9.200 0
   38.800   -9.200 0
   38.800   -9.200 0
   38.800   -9.200 0
   38.800   -9.200 0
   38.800   -9.200 0
   38.800   -9.200 0
