   38.600   -7.400 0
   38.600   -7.400 17
   38.600   -7.400 11
   38.600   -7.400 14
   38.600   -7.400 18
   38.600   -7.400 15
   38.600   -7.400 8
   38.600   -7.400 2
   38.600   -7.400 0
   38.600   -7.400 15
   38.600   -7.400 19
   38.600   -7.400 21
   38.600   -7.400 18
   38.600   -7.400 40
   38.600   -7.400 6
   38.600   -7.400 8
   38.600   -7.400 2
   38.600   -7.400 0
   38.600   -7.400 0
   38.600   -7.400 18
   38.600   -7.400 1
   38.600   -7.400 0
   38.600   -7.400 25
   38.600   -7.400 33
   38.600   -7.400 0
   38.600   -7.400 2
   38.600   -7.400 19
   38.600   -7.400 1
   38.600   -7.400 0
