   38.600   -7.400 0
   38.600   -7.400 0
   38.600   -7.400 0
   38.600   -7.400 0
   38.600   -7.400 0
   38.600   -7.400 0
   38.600   -7.400 6
   38.600   -7.400 3
   38.600   -7.400 2
   38.600   -7.400 1
   38.600   -7.400 0
   38.600   -7.400 0
   38.600   -7.400 0
   38.600   -7.400 0
   38.600   -7.400 0
   38.600   -7.400 0
   38.600   -7.400 0
   38.600   -7.400 0
   38.600   -7.400 0
   38.600   -7.400 0
   38.600   -7.400 0
   38.600   -7.400 4
   38.600   -7.400 15
   38.600   -7.400 2
   38.600   -7.400 1
   38.600   -7.400 0
   38.600   -7.400 3
   38.600   -7.400 0
   38.600   -7.400 0
