   37.400   -7.800 57
   37.400   -7.800 8
   37.400   -7.800 34
   37.400   -7.800 31
   37.400   -7.800 6
   37.400   -7.800 2
   37.400   -7.800 2
   37.400   -7.800 0
   37.400   -7.800 1
   37.400   -7.800 2
   37.400   -7.800 1
   37.400   -7.800 8
   37.400   -7.800 0
   37.400   -7.800 0
   37.400   -7.800 0
   37.400   -7.800 7
   37.400   -7.800 0
   37.400   -7.800 1
   37.400   -7.800 11
   37.400   -7.800 4
   37.400   -7.800 0
   37.400   -7.800 13
   37.400   -7.800 22
   37.400   -7.800 6
   37.400   -7.800 0
   37.400   -7.800 3
   37.400   -7.800 9
   37.400   -7.800 0
   37.400   -7.800 0
   37.400   -7.800 0
