   39.800   -7.800 0
   39.800   -7.800 0
   39.800   -7.800 0
   39.800   -7.800 0
   39.800   -7.800 0
   39.800   -7.800 0
   39.800   -7.800 4
   39.800   -7.800 7
   39.800   -7.800 3
   39.800   -7.800 5
   39.800   -7.800 7
   39.800   -7.800 9
   39.800   -7.800 5
   39.800   -7.800 10
   39.800   -7.800 8
   39.800   -7.800 22
   39.800   -7.800 3
   39.800   -7.800 22
   39.800   -7.800 25
   39.800   -7.800 19
   39.800   -7.800 8
   39.800   -7.800 10
   39.800   -7.800 0
   39.800   -7.800 3
   39.800   -7.800 38
   39.800   -7.800 44
   39.800   -7.800 32
   39.800   -7.800 61
   39.800   -7.800 11
