   40.600   -7.200 0
   40.600   -7.200 0
   40.600   -7.200 0
   40.600   -7.200 0
   40.600   -7.200 0
   40.600   -7.200 0
   40.600   -7.200 0
   40.600   -7.200 0
   40.600   -7.200 0
   40.600   -7.200 11
   40.600   -7.200 44
   40.600   -7.200 13
   40.600   -7.200 17
   40.600   -7.200 65
   40.600   -7.200 50
   40.600   -7.200 31
   40.600   -7.200 47
   40.600   -7.200 35
   40.600   -7.200 0
   40.600   -7.200 0
   40.600   -7.200 0
   40.600   -7.200 0
   40.600   -7.200 8
   40.600   -7.200 0
   40.600   -7.200 0
   40.600   -7.200 0
   40.600   -7.200 0
   40.600   -7.200 0
   40.600   -7.200 0
   40.600   -7.200 22
   40.600   -7.200 0
