   40.600   -7.200 0
   40.600   -7.200 0
   40.600   -7.200 0
   40.600   -7.200 0
   40.600   -7.200 0
   40.600   -7.200 0
   40.600   -7.200 0
   40.600   -7.200 0
   40.600   -7.200 12
   40.600   -7.200 3
   40.600   -7.200 0
   40.600   -7.200 0
   40.600   -7.200 0
   40.600   -7.200 0
   40.600   -7.200 0
   40.600   -7.200 7
   40.600   -7.200 40
   40.600   -7.200 14
   40.600   -7.200 16
   40.600   -7.200 25
   40.600   -7.200 9
   40.600   -7.200 65
   40.600   -7.200 36
   40.600   -7.200 16
   40.600   -7.200 17
   40.600   -7.200 12
   40.600   -7.200 18
   40.600   -7.200 12
   40.600   -7.200 13
   40.600   -7.200 0
   40.600   -7.200 1
