   40.600   -7.200 0
   40.600   -7.200 2
   40.600   -7.200 0
   40.600   -7.200 0
   40.600   -7.200 0
   40.600   -7.200 0
   40.600   -7.200 0
   40.600   -7.200 0
   40.600   -7.200 0
   40.600   -7.200 9
   40.600   -7.200 9
   40.600   -7.200 1
   40.600   -7.200 46
   40.600   -7.200 26
   40.600   -7.200 5
   40.600   -7.200 0
   40.600   -7.200 0
   40.600   -7.200 2
   40.600   -7.200 9
   40.600   -7.200 17
   40.600   -7.200 6
   40.600   -7.200 12
   40.600   -7.200 0
   40.600   -7.200 1
   40.600   -7.200 2
   40.600   -7.200 9
   40.600   -7.200 1
   40.600   -7.200 4
   40.600   -7.200 0
   40.600   -7.200 0
