   40.600   -7.800 0
   40.600   -7.800 0
   40.600   -7.800 0
   40.600   -7.800 0
   40.600   -7.800 0
   40.600   -7.800 0
   40.600   -7.800 0
   40.600   -7.800 0
   40.600   -7.800 0
   40.600   -7.800 0
   40.600   -7.800 0
   40.600   -7.800 0
   40.600   -7.800 0
   40.600   -7.800 0
   40.600   -7.800 0
   40.600   -7.800 0
   40.600   -7.800 0
   40.600   -7.800 0
   40.600   -7.800 0
   40.600   -7.800 0
   40.600   -7.800 0
   40.600   -7.800 0
   40.600   -7.800 0
   40.600   -7.800 0
   40.600   -7.800 0
   40.600   -7.800 0
   40.600   -7.800 0
   40.600   -7.800 3
   40.600   -7.800 29
   40.600   -7.800 22
