   38.800   -8.600 0
   38.800   -8.600 28
   38.800   -8.600 0
   38.800   -8.600 0
   38.800   -8.600 0
   38.800   -8.600 1
   38.800   -8.600 1
   38.800   -8.600 7
   38.800   -8.600 18
   38.800   -8.600 0
   38.800   -8.600 0
   38.800   -8.600 0
   38.800   -8.600 0
   38.800   -8.600 5
   38.800   -8.600 0
   38.800   -8.600 1
   38.800   -8.600 24
   38.800   -8.600 20
   38.800   -8.600 3
   38.800   -8.600 16
   38.800   -8.600 13
   38.800   -8.600 5
   38.800   -8.600 2
   38.800   -8.600 0
   38.800   -8.600 0
   38.800   -8.600 1
   38.800   -8.600 1
   38.800   -8.600 2
   38.800   -8.600 6
