   40.600   -7.800 25
   40.600   -7.800 2
   40.600   -7.800 0
   40.600   -7.800 0
   40.600   -7.800 0
   40.600   -7.800 5
   40.600   -7.800 0
   40.600   -7.800 0
   40.600   -7.800 17
   40.600   -7.800 0
   40.600   -7.800 1
   40.600   -7.800 7
   40.600   -7.800 13
   40.600   -7.800 13
   40.600   -7.800 35
   40.600   -7.800 20
   40.600   -7.800 47
   40.600   -7.800 21
   40.600   -7.800 6
   40.600   -7.800 12
   40.600   -7.800 0
   40.600   -7.800 0
   40.600   -7.800 0
   40.600   -7.800 0
   40.600   -7.800 0
   40.600   -7.800 0
   40.600   -7.800 0
   40.600   -7.800 0
   40.600   -7.800 0
   40.600   -7.800 0
