   40.600   -7.800 0
   40.600   -7.800 0
   40.600   -7.800 0
   40.600   -7.800 18
   40.600   -7.800 0
   40.600   -7.800 0
   40.600   -7.800 0
   40.600   -7.800 0
   40.600   -7.800 0
   40.600   -7.800 0
   40.600   -7.800 1
   40.600   -7.800 6
   40.600   -7.800 4
   40.600   -7.800 0
   40.600   -7.800 23
   40.600   -7.800 14
   40.600   -7.800 24
   40.600   -7.800 3
   40.600   -7.800 0
   40.600   -7.800 0
   40.600   -7.800 0
   40.600   -7.800 0
   40.600   -7.800 0
   40.600   -7.800 0
   40.600   -7.800 0
   40.600   -7.800 10
   40.600   -7.800 5
   40.600   -7.800 14
   40.600   -7.800 3
   40.600   -7.800 7
