   39.600   -8.800 16
   39.600   -8.800 10
   39.600   -8.800 9
   39.600   -8.800 10
   39.600   -8.800 6
   39.600   -8.800 15
   39.600   -8.800 16
   39.600   -8.800 6
   39.600   -8.800 5
   39.600   -8.800 1
   39.600   -8.800 0
   39.600   -8.800 0
   39.600   -8.800 0
   39.600   -8.800 0
   39.600   -8.800 0
   39.600   -8.800 0
   39.600   -8.800 0
   39.600   -8.800 0
   39.600   -8.800 0
   39.600   -8.800 0
   39.600   -8.800 0
   39.600   -8.800 0
   39.600   -8.800 0
   39.600   -8.800 0
   39.600   -8.800 0
   39.600   -8.800 0
   39.600   -8.800 0
   39.600   -8.800 1
   39.600   -8.800 0
   39.600   -8.800 2
