   40.600   -7.200 0
   40.600   -7.200 0
   40.600   -7.200 0
   40.600   -7.200 0
   40.600   -7.200 0
   40.600   -7.200 0
   40.600   -7.200 0
   40.600   -7.200 5
   40.600   -7.200 35
   40.600   -7.200 0
   40.600   -7.200 10
   40.600   -7.200 7
   40.600   -7.200 6
   40.600   -7.200 2
   40.600   -7.200 0
   40.600   -7.200 0
   40.600   -7.200 0
   40.600   -7.200 0
   40.600   -7.200 0
   40.600   -7.200 0
   40.600   -7.200 0
   40.600   -7.200 0
   40.600   -7.200 0
   40.600   -7.200 0
   40.600   -7.200 17
   40.600   -7.200 17
   40.600   -7.200 28
   40.600   -7.200 11
   40.600   -7.200 6
   40.600   -7.200 2
   40.600   -7.200 0
