   40.200   -7.800 0
   40.200   -7.800 42
   40.200   -7.800 4
   40.200   -7.800 0
   40.200   -7.800 0
   40.200   -7.800 4
   40.200   -7.800 7
   40.200   -7.800 3
   40.200   -7.800 7
   40.200   -7.800 5
   40.200   -7.800 0
   40.200   -7.800 0
   40.200   -7.800 0
   40.200   -7.800 0
   40.200   -7.800 0
   40.200   -7.800 1
   40.200   -7.800 0
   40.200   -7.800 6
   40.200   -7.800 0
   40.200   -7.800 4
   40.200   -7.800 14
   40.200   -7.800 15
   40.200   -7.800 9
   40.200   -7.800 10
   40.200   -7.800 1
   40.200   -7.800 0
   40.200   -7.800 6
   40.200   -7.800 3
   40.200   -7.800 0
   40.200   -7.800 0
   40.200   -7.800 15
