   40.200   -7.800 0
   40.200   -7.800 0
   40.200   -7.800 17
   40.200   -7.800 9
   40.200   -7.800 10
   40.200   -7.800 8
   40.200   -7.800 0
   40.200   -7.800 0
   40.200   -7.800 0
   40.200   -7.800 0
   40.200   -7.800 0
   40.200   -7.800 0
   40.200   -7.800 0
   40.200   -7.800 0
   40.200   -7.800 0
   40.200   -7.800 0
   40.200   -7.800 0
   40.200   -7.800 0
   40.200   -7.800 0
   40.200   -7.800 4
   40.200   -7.800 1
   40.200   -7.800 0
   40.200   -7.800 0
   40.200   -7.800 21
   40.200   -7.800 9
   40.200   -7.800 1
   40.200   -7.800 10
   40.200   -7.800 7
   40.200   -7.800 0
   40.200   -7.800 0
   40.200   -7.800 0
