   38.800   -9.200 0
   38.800   -9.200 0
   38.800   -9.200 0
   38.800   -9.200 47
   38.800   -9.200 9
   38.800   -9.200 21
   38.800   -9.200 6
   38.800   -9.200 28
   38.800   -9.200 8
   38.800   -9.200 6
   38.800   -9.200 10
   38.800   -9.200 2
   38.800   -9.200 1
   38.800   -9.200 2
   38.800   -9.200 0
   38.800   -9.200 7
   38.800   -9.200 15
   38.800   -9.200 15
   38.800   -9.200 1
   38.800   -9.200 2
   38.800   -9.200 0
   38.800   -9.200 0
   38.800   -9.200 0
   38.800   -9.200 0
   38.800   -9.200 0
   38.800   -9.200 0
   38.800   -9.200 0
   38.800   -9.200 0
   38.800   -9.200 0
   38.800   -9.200 0
