   38.800   -9.200 0
   38.800   -9.200 1
   38.800   -9.200 5
   38.800   -9.200 12
   38.800   -9.200 6
   38.800   -9.200 13
   38.800   -9.200 1
   38.800   -9.200 3
   38.800   -9.200 14
   38.800   -9.200 8
   38.800   -9.200 6
   38.800   -9.200 1
   38.800   -9.200 8
   38.800   -9.200 0
   38.800   -9.200 0
   38.800   -9.200 0
   38.800   -9.200 1
   38.800   -9.200 3
   38.800   -9.200 0
   38.800   -9.200 3
   38.800   -9.200 0
   38.800   -9.200 3
   38.800   -9.200 6
   38.800   -9.200 0
   38.800   -9.200 0
   38.800   -9.200 0
   38.800   -9.200 0
   38.800   -9.200 0
