   38.800   -8.600 1
   38.800   -8.600 3
   38.800   -8.600 16
   38.800   -8.600 0
   38.800   -8.600 33
   38.800   -8.600 5
   38.800   -8.600 1
   38.800   -8.600 5
   38.800   -8.600 13
   38.800   -8.600 1
   38.800   -8.600 1
   38.800   -8.600 0
   38.800   -8.600 0
   38.800   -8.600 0
   38.800   -8.600 0
   38.800   -8.600 2
   38.800   -8.600 0
   38.800   -8.600 0
   38.800   -8.600 0
   38.800   -8.600 0
   38.800   -8.600 0
   38.800   -8.600 0
   38.800   -8.600 0
   38.800   -8.600 0
   38.800   -8.600 0
   38.800   -8.600 0
   38.800   -8.600 0
   38.800   -8.600 0
   38.800   -8.600 0
   38.800   -8.600 0
   38.800   -8.600 0
