   38.800   -8.600 0
   38.800   -8.600 0
   38.800   -8.600 0
   38.800   -8.600 0
   38.800   -8.600 0
   38.800   -8.600 0
   38.800   -8.600 0
   38.800   -8.600 0
   38.800   -8.600 1
   38.800   -8.600 1
   38.800   -8.600 19
   38.800   -8.600 10
   38.800   -8.600 10
   38.800   -8.600 4
   38.800   -8.600 3
   38.800   -8.600 4
   38.800   -8.600 10
   38.800   -8.600 10
   38.800   -8.600 12
   38.800   -8.600 29
   38.800   -8.600 9
   38.800   -8.600 4
   38.800   -8.600 0
   38.800   -8.600 0
   38.800   -8.600 0
   38.800   -8.600 0
   38.800   -8.600 0
   38.800   -8.600 0
   38.800   -8.600 0
   38.800   -8.600 0
   38.800   -8.600 0
