   40.600   -7.800 1
   40.600   -7.800 7
   40.600   -7.800 4
   40.600   -7.800 0
   40.600   -7.800 0
   40.600   -7.800 20
   40.600   -7.800 22
   40.600   -7.800 5
   40.600   -7.800 1
   40.600   -7.800 0
   40.600   -7.800 1
   40.600   -7.800 4
   40.600   -7.800 14
   40.600   -7.800 8
   40.600   -7.800 0
   40.600   -7.800 0
   40.600   -7.800 11
   40.600   -7.800 28
   40.600   -7.800 30
   40.600   -7.800 27
   40.600   -7.800 7
   40.600   -7.800 3
   40.600   -7.800 0
   40.600   -7.800 1
   40.600   -7.800 3
   40.600   -7.800 4
   40.600   -7.800 0
   40.600   -7.800 0
   40.600   -7.800 0
   40.600   -7.800 0
