   38.800   -9.200 0
   38.800   -9.200 0
   38.800   -9.200 19
   38.800   -9.200 28
   38.800   -9.200 4
   38.800   -9.200 3
   38.800   -9.200 0
   38.800   -9.200 0
   38.800   -9.200 0
   38.800   -9.200 0
   38.800   -9.200 0
   38.800   -9.200 7
   38.800   -9.200 9
   38.800   -9.200 0
   38.800   -9.200 0
   38.800   -9.200 36
   38.800   -9.200 8
   38.800   -9.200 7
   38.800   -9.200 21
   38.800   -9.200 24
   38.800   -9.200 26
   38.800   -9.200 4
   38.800   -9.200 0
   38.800   -9.200 3
   38.800   -9.200 28
   38.800   -9.200 0
   38.800   -9.200 0
   38.800   -9.200 0
   38.800   -9.200 0
   38.800   -9.200 0
   38.800   -9.200 0
