   39.800   -7.800 0
   39.800   -7.800 8
   39.800   -7.800 0
   39.800   -7.800 0
   39.800   -7.800 0
   39.800   -7.800 0
   39.800   -7.800 0
   39.800   -7.800 0
   39.800   -7.800 0
   39.800   -7.800 0
   39.800   -7.800 6
   39.800   -7.800 38
   39.800   -7.800 34
   39.800   -7.800 13
   39.800   -7.800 19
   39.800   -7.800 22
   39.800   -7.800 18
   39.800   -7.800 8
   39.800   -7.800 13
   39.800   -7.800 48
   39.800   -7.800 16
   39.800   -7.800 18
   39.800   -7.800 4
   39.800   -7.800 8
   39.800   -7.800 2
   39.800   -7.800 3
   39.800   -7.800 6
   39.800   -7.800 7
   39.800   -7.800 6
   39.800   -7.800 0
   39.800   -7.800 0
