   41.400   -8.200 0
   41.400   -8.200 0
   41.400   -8.200 0
   41.400   -8.200 0
   41.400   -8.200 0
   41.400   -8.200 0
   41.400   -8.200 2
   41.400   -8.200 23
   41.400   -8.200 5
   41.400   -8.200 6
   41.400   -8.200 3
   41.400   -8.200 12
   41.400   -8.200 6
   41.400   -8.200 0
   41.400   -8.200 11
   41.400   -8.200 14
   41.400   -8.200 1
   41.400   -8.200 4
   41.400   -8.200 0
   41.400   -8.200 3
   41.400   -8.200 7
   41.400   -8.200 31
   41.400   -8.200 3
   41.400   -8.200 45
   41.400   -8.200 63
   41.400   -8.200 16
   41.400   -8.200 0
   41.400   -8.200 5
   41.400   -8.200 11
