   40.600   -7.800 0
   40.600   -7.800 0
   40.600   -7.800 0
   40.600   -7.800 1
   40.600   -7.800 24
   40.600   -7.800 9
   40.600   -7.800 12
   40.600   -7.800 0
   40.600   -7.800 8
   40.600   -7.800 28
   40.600   -7.800 5
   40.600   -7.800 6
   40.600   -7.800 6
   40.600   -7.800 10
   40.600   -7.800 23
   40.600   -7.800 18
   40.600   -7.800 36
   40.600   -7.800 46
   40.600   -7.800 15
   40.600   -7.800 7
   40.600   -7.800 0
   40.600   -7.800 0
   40.600   -7.800 0
   40.600   -7.800 3
   40.600   -7.800 2
   40.600   -7.800 13
   40.600   -7.800 14
   40.600   -7.800 7
   40.600   -7.800 1
   40.600   -7.800 6
