   41.400   -8.200 30
   41.400   -8.200 32
   41.400   -8.200 29
   41.400   -8.200 14
   41.400   -8.200 24
   41.400   -8.200 26
   41.400   -8.200 24
   41.400   -8.200 5
   41.400   -8.200 0
   41.400   -8.200 0
   41.400   -8.200 0
   41.400   -8.200 0
   41.400   -8.200 0
   41.400   -8.200 0
   41.400   -8.200 0
   41.400   -8.200 7
   41.400   -8.200 20
   41.400   -8.200 18
   41.400   -8.200 0
   41.400   -8.200 0
   41.400   -8.200 0
   41.400   -8.200 8
   41.400   -8.200 19
   41.400   -8.200 36
   41.400   -8.200 0
   41.400   -8.200 0
   41.400   -8.200 0
   41.400   -8.200 0
   41.400   -8.200 0
   41.400   -8.200 30
