   41.800   -8.000 3
   41.800   -8.000 29
   41.800   -8.000 14
   41.800   -8.000 0
   41.800   -8.000 12
   41.800   -8.000 17
   41.800   -8.000 14
   41.800   -8.000 17
   41.800   -8.000 5
   41.800   -8.000 3
   41.800   -8.000 9
   41.800   -8.000 2
   41.800   -8.000 0
   41.800   -8.000 0
   41.800   -8.000 0
   41.800   -8.000 0
   41.800   -8.000 1
   41.800   -8.000 0
   41.800   -8.000 1
   41.800   -8.000 0
   41.800   -8.000 7
   41.800   -8.000 0
   41.800   -8.000 0
   41.800   -8.000 0
   41.800   -8.000 0
   41.800   -8.000 2
   41.800   -8.000 6
   41.800   -8.000 10
   41.800   -8.000 31
   41.800   -8.000 56
   41.800   -8.000 34
