   38.800   -7.200 0
   38.800   -7.200 0
   38.800   -7.200 0
   38.800   -7.200 0
   38.800   -7.200 0
   38.800   -7.200 0
   38.800   -7.200 0
   38.800   -7.200 0
   38.800   -7.200 0
   38.800   -7.200 6
   38.800   -7.200 0
   38.800   -7.200 0
   38.800   -7.200 0
   38.800   -7.200 0
   38.800   -7.200 0
   38.800   -7.200 21
   38.800   -7.200 4
   38.800   -7.200 41
   38.800   -7.200 1
   38.800   -7.200 28
   38.800   -7.200 13
   38.800   -7.200 29
   38.800   -7.200 3
   38.800   -7.200 5
   38.800   -7.200 8
   38.800   -7.200 3
   38.800   -7.200 0
   38.800   -7.200 6
   38.800   -7.200 0
   38.800   -7.200 0
   38.800   -7.200 1
