   38.800   -7.200 2
   38.800   -7.200 14
   38.800   -7.200 9
   38.800   -7.200 14
   38.800   -7.200 4
   38.800   -7.200 4
   38.800   -7.200 0
   38.800   -7.200 0
   38.800   -7.200 0
   38.800   -7.200 0
   38.800   -7.200 0
   38.800   -7.200 8
   38.800   -7.200 0
   38.800   -7.200 6
   38.800   -7.200 1
   38.800   -7.200 0
   38.800   -7.200 1
   38.800   -7.200 0
   38.800   -7.200 0
   38.800   -7.200 0
   38.800   -7.200 0
   38.800   -7.200 0
   38.800   -7.200 0
   38.800   -7.200 0
   38.800   -7.200 0
   38.800   -7.200 1
   38.800   -7.200 0
   38.800   -7.200 0
   38.800   -7.200 0
   38.800   -7.200 0
   38.800   -7.200 0
