   38.800   -9.200 2
   38.800   -9.200 0
   38.800   -9.200 0
   38.800   -9.200 0
   38.800   -9.200 0
   38.800   -9.200 0
   38.800   -9.200 0
   38.800   -9.200 0
   38.800   -9.200 0
   38.800   -9.200 0
   38.800   -9.200 0
   38.800   -9.200 0
   38.800   -9.200 0
   38.800   -9.200 0
   38.800   -9.200 2
   38.800   -9.200 0
   38.800   -9.200 0
   38.800   -9.200 0
   38.800   -9.200 0
   38.800   -9.200 0
   38.800   -9.200 0
   38.800   -9.200 0
   38.800   -9.200 0
   38.800   -9.200 2
   38.800   -9.200 4
   38.800   -9.200 14
   38.800   -9.200 23
   38.800   -9.200 4
   38.800   -9.200 4
