   38.800   -9.200 0
   38.800   -9.200 0
   38.800   -9.200 15
   38.800   -9.200 3
   38.800   -9.200 0
   38.800   -9.200 0
   38.800   -9.200 0
   38.800   -9.200 0
   38.800   -9.200 0
   38.800   -9.200 0
   38.800   -9.200 0
   38.800   -9.200 14
   38.800   -9.200 38
   38.800   -9.200 24
   38.800   -9.200 2
   38.800   -9.200 10
   38.800   -9.200 18
   38.800   -9.200 0
   38.800   -9.200 3
   38.800   -9.200 0
   38.800   -9.200 1
   38.800   -9.200 3
   38.800   -9.200 5
   38.800   -9.200 3
   38.800   -9.200 0
   38.800   -9.200 0
   38.800   -9.200 0
   38.800   -9.200 0
   38.800   -9.200 0
   38.800   -9.200 0
   38.800   -9.200 0
