   40.600   -8.600 0
   40.600   -8.600 1
   40.600   -8.600 10
   40.600   -8.600 0
   40.600   -8.600 2
   40.600   -8.600 11
   40.600   -8.600 39
   40.600   -8.600 8
   40.600   -8.600 13
   40.600   -8.600 4
   40.600   -8.600 26
   40.600   -8.600 14
   40.600   -8.600 6
   40.600   -8.600 0
   40.600   -8.600 0
   40.600   -8.600 0
   40.600   -8.600 0
   40.600   -8.600 0
   40.600   -8.600 0
   40.600   -8.600 0
   40.600   -8.600 0
   40.600   -8.600 0
   40.600   -8.600 0
   40.600   -8.600 0
   40.600   -8.600 0
   40.600   -8.600 0
   40.600   -8.600 0
   40.600   -8.600 0
   40.600   -8.600 0
   40.600   -8.600 0
   40.600   -8.600 0
