   41.800   -8.800 1
   41.800   -8.800 0
   41.800   -8.800 0
   41.800   -8.800 0
   41.800   -8.800 0
   41.800   -8.800 0
   41.800   -8.800 0
   41.800   -8.800 0
   41.800   -8.800 0
   41.800   -8.800 4
   41.800   -8.800 0
   41.800   -8.800 0
   41.800   -8.800 1
   41.800   -8.800 17
   41.800   -8.800 12
   41.800   -8.800 3
   41.800   -8.800 9
   41.800   -8.800 50
   41.800   -8.800 51
   41.800   -8.800 35
   41.800   -8.800 29
   41.800   -8.800 26
   41.800   -8.800 16
   41.800   -8.800 4
   41.800   -8.800 0
   41.800   -8.800 2
   41.800   -8.800 1
   41.800   -8.800 9
   41.800   -8.800 16
   41.800   -8.800 47
   41.800   -8.800 40
