   41.800   -8.800 0
   41.800   -8.800 0
   41.800   -8.800 0
   41.800   -8.800 0
   41.800   -8.800 0
   41.800   -8.800 0
   41.800   -8.800 11
   41.800   -8.800 3
   41.800   -8.800 10
   41.800   -8.800 35
   41.800   -8.800 0
   41.800   -8.800 32
   41.800   -8.800 20
   41.800   -8.800 0
   41.800   -8.800 0
   41.800   -8.800 0
   41.800   -8.800 2
   41.800   -8.800 4
   41.800   -8.800 10
   41.800   -8.800 19
   41.800   -8.800 6
   41.800   -8.800 0
   41.800   -8.800 10
   41.800   -8.800 24
   41.800   -8.800 12
   41.800   -8.800 19
   41.800   -8.800 27
   41.800   -8.800 0
   41.800   -8.800 0
