   41.800   -8.800 0
   41.800   -8.800 0
   41.800   -8.800 0
   41.800   -8.800 0
   41.800   -8.800 0
   41.800   -8.800 0
   41.800   -8.800 0
   41.800   -8.800 0
   41.800   -8.800 0
   41.800   -8.800 0
   41.800   -8.800 0
   41.800   -8.800 0
   41.800   -8.800 0
   41.800   -8.800 3
   41.800   -8.800 19
   41.800   -8.800 17
   41.800   -8.800 61
   41.800   -8.800 8
   41.800   -8.800 34
   41.800   -8.800 129
   41.800   -8.800 9
   41.800   -8.800 4
   41.800   -8.800 8
   41.800   -8.800 7
   41.800   -8.800 7
   41.800   -8.800 1
   41.800   -8.800 8
   41.800   -8.800 31
   41.800   -8.800 0
   41.800   -8.800 0
