   41.600   -8.200 0
   41.600   -8.200 0
   41.600   -8.200 0
   41.600   -8.200 0
   41.600   -8.200 7
   41.600   -8.200 21
   41.600   -8.200 20
   41.600   -8.200 48
   41.600   -8.200 3
   41.600   -8.200 0
   41.600   -8.200 0
   41.600   -8.200 0
   41.600   -8.200 37
   41.600   -8.200 50
   41.600   -8.200 7
   41.600   -8.200 0
   41.600   -8.200 0
   41.600   -8.200 4
   41.600   -8.200 43
   41.600   -8.200 12
   41.600   -8.200 59
   41.600   -8.200 21
   41.600   -8.200 8
   41.600   -8.200 0
   41.600   -8.200 6
   41.600   -8.200 5
   41.600   -8.200 2
   41.600   -8.200 2
   41.600   -8.200 0
   41.600   -8.200 0
   41.600   -8.200 1
