   38.000   -7.800 2
   38.000   -7.800 1
   38.000   -7.800 1
   38.000   -7.800 5
   38.000   -7.800 3
   38.000   -7.800 24
   38.000   -7.800 29
   38.000   -7.800 2
   38.000   -7.800 0
   38.000   -7.800 2
   38.000   -7.800 0
   38.000   -7.800 0
   38.000   -7.800 0
   38.000   -7.800 0
   38.000   -7.800 0
   38.000   -7.800 0
   38.000   -7.800 0
   38.000   -7.800 0
   38.000   -7.800 0
   38.000   -7.800 6
   38.000   -7.800 0
   38.000   -7.800 0
   38.000   -7.800 15
   38.000   -7.800 2
   38.000   -7.800 11
   38.000   -7.800 0
   38.000   -7.800 0
   38.000   -7.800 0
   38.000   -7.800 0
   38.000   -7.800 9
