   41.600   -8.200 5
   41.600   -8.200 6
   41.600   -8.200 52
   41.600   -8.200 79
   41.600   -8.200 10
   41.600   -8.200 3
   41.600   -8.200 41
   41.600   -8.200 22
   41.600   -8.200 36
   41.600   -8.200 48
   41.600   -8.200 53
   41.600   -8.200 37
   41.600   -8.200 33
   41.600   -8.200 31
   41.600   -8.200 9
   41.600   -8.200 14
   41.600   -8.200 106
   41.600   -8.200 27
   41.600   -8.200 35
   41.600   -8.200 1
   41.600   -8.200 13
   41.600   -8.200 11
   41.600   -8.200 0
   41.600   -8.200 54
   41.600   -8.200 3
   41.600   -8.200 0
   41.600   -8.200 8
   41.600   -8.200 21
   41.600   -8.200 29
   41.600   -8.200 1
   41.600   -8.200 19
