   41.600   -8.200 0
   41.600   -8.200 0
   41.600   -8.200 0
   41.600   -8.200 0
   41.600   -8.200 0
   41.600   -8.200 0
   41.600   -8.200 0
   41.600   -8.200 0
   41.600   -8.200 0
   41.600   -8.200 0
   41.600   -8.200 3
   41.600   -8.200 12
   41.600   -8.200 14
   41.600   -8.200 26
   41.600   -8.200 33
   41.600   -8.200 40
   41.600   -8.200 48
   41.600   -8.200 36
   41.600   -8.200 24
   41.600   -8.200 12
   41.600   -8.200 14
   41.600   -8.200 8
   41.600   -8.200 16
   41.600   -8.200 1
   41.600   -8.200 2
   41.600   -8.200 7
   41.600   -8.200 26
   41.600   -8.200 16
   41.600   -8.200 13
   41.600   -8.200 1
