   41.600   -8.200 1
   41.600   -8.200 3
   41.600   -8.200 19
   41.600   -8.200 4
   41.600   -8.200 6
   41.600   -8.200 9
   41.600   -8.200 21
   41.600   -8.200 14
   41.600   -8.200 28
   41.600   -8.200 29
   41.600   -8.200 41
   41.600   -8.200 31
   41.600   -8.200 30
   41.600   -8.200 7
   41.600   -8.200 1
   41.600   -8.200 0
   41.600   -8.200 0
   41.600   -8.200 0
   41.600   -8.200 0
   41.600   -8.200 0
   41.600   -8.200 0
   41.600   -8.200 0
   41.600   -8.200 0
   41.600   -8.200 0
   41.600   -8.200 0
   41.600   -8.200 0
   41.600   -8.200 0
   41.600   -8.200 0
   41.600   -8.200 0
   41.600   -8.200 0
   41.600   -8.200 0
