   41.800   -8.000 15
   41.800   -8.000 9
   41.800   -8.000 12
   41.800   -8.000 1
   41.800   -8.000 0
   41.800   -8.000 1
   41.800   -8.000 0
   41.800   -8.000 0
   41.800   -8.000 0
   41.800   -8.000 0
   41.800   -8.000 0
   41.800   -8.000 0
   41.800   -8.000 0
   41.800   -8.000 0
   41.800   -8.000 0
   41.800   -8.000 0
   41.800   -8.000 0
   41.800   -8.000 0
   41.800   -8.000 0
   41.800   -8.000 0
   41.800   -8.000 0
   41.800   -8.000 0
   41.800   -8.000 0
   41.800   -8.000 0
   41.800   -8.000 0
   41.800   -8.000 0
   41.800   -8.000 0
   41.800   -8.000 0
   41.800   -8.000 0
   41.800   -8.000 4
