   40.600   -8.600 14
   40.600   -8.600 22
   40.600   -8.600 0
   40.600   -8.600 0
   40.600   -8.600 19
   40.600   -8.600 9
   40.600   -8.600 14
   40.600   -8.600 0
   40.600   -8.600 1
   40.600   -8.600 9
   40.600   -8.600 6
   40.600   -8.600 0
   40.600   -8.600 0
   40.600   -8.600 0
   40.600   -8.600 0
   40.600   -8.600 0
   40.600   -8.600 0
   40.600   -8.600 0
   40.600   -8.600 1
   40.600   -8.600 1
   40.600   -8.600 0
   40.600   -8.600 0
   40.600   -8.600 0
   40.600   -8.600 0
   40.600   -8.600 0
   40.600   -8.600 25
   40.600   -8.600 12
   40.600   -8.600 13
   40.600   -8.600 6
   40.600   -8.600 13
   40.600   -8.600 2
