   41.600   -8.200 0
   41.600   -8.200 0
   41.600   -8.200 6
   41.600   -8.200 0
   41.600   -8.200 0
   41.600   -8.200 0
   41.600   -8.200 0
   41.600   -8.200 0
   41.600   -8.200 0
   41.600   -8.200 1
   41.600   -8.200 0
   41.600   -8.200 0
   41.600   -8.200 0
   41.600   -8.200 0
   41.600   -8.200 0
   41.600   -8.200 0
   41.600   -8.200 1
   41.600   -8.200 19
   41.600   -8.200 7
   41.600   -8.200 0
   41.600   -8.200 9
   41.600   -8.200 6
   41.600   -8.200 1
   41.600   -8.200 17
   41.600   -8.200 2
   41.600   -8.200 19
   41.600   -8.200 7
   41.600   -8.200 31
   41.600   -8.200 0
