   41.400   -8.200 24
   41.400   -8.200 26
   41.400   -8.200 3
   41.400   -8.200 13
   41.400   -8.200 3
   41.400   -8.200 16
   41.400   -8.200 15
   41.400   -8.200 0
   41.400   -8.200 0
   41.400   -8.200 1
   41.400   -8.200 2
   41.400   -8.200 0
   41.400   -8.200 0
   41.400   -8.200 0
   41.400   -8.200 1
   41.400   -8.200 0
   41.400   -8.200 0
   41.400   -8.200 0
   41.400   -8.200 4
   41.400   -8.200 0
   41.400   -8.200 3
   41.400   -8.200 7
   41.400   -8.200 10
   41.400   -8.200 0
   41.400   -8.200 0
   41.400   -8.200 0
   41.400   -8.200 0
   41.400   -8.200 23
   41.400   -8.200 20
   41.400   -8.200 3
   41.400   -8.200 0
