   41.400   -8.200 0
   41.400   -8.200 0
   41.400   -8.200 0
   41.400   -8.200 0
   41.400   -8.200 0
   41.400   -8.200 29
   41.400   -8.200 3
   41.400   -8.200 0
   41.400   -8.200 2
   41.400   -8.200 6
   41.400   -8.200 19
   41.400   -8.200 28
   41.400   -8.200 3
   41.400   -8.200 6
   41.400   -8.200 0
   41.400   -8.200 1
   41.400   -8.200 1
   41.400   -8.200 6
   41.400   -8.200 7
   41.400   -8.200 9
   41.400   -8.200 0
   41.400   -8.200 0
   41.400   -8.200 0
   41.400   -8.200 0
   41.400   -8.200 2
   41.400   -8.200 0
   41.400   -8.200 0
   41.400   -8.200 0
   41.400   -8.200 0
