   40.600   -7.200 0
   40.600   -7.200 12
   40.600   -7.200 1
   40.600   -7.200 9
   40.600   -7.200 4
   40.600   -7.200 5
   40.600   -7.200 0
   40.600   -7.200 30
   40.600   -7.200 22
   40.600   -7.200 2
   40.600   -7.200 4
   40.600   -7.200 5
   40.600   -7.200 37
   40.600   -7.200 4
   40.600   -7.200 20
   40.600   -7.200 4
   40.600   -7.200 44
   40.600   -7.200 47
   40.600   -7.200 2
   40.600   -7.200 1
   40.600   -7.200 7
   40.600   -7.200 1
   40.600   -7.200 0
   40.600   -7.200 0
   40.600   -7.200 0
   40.600   -7.200 14
   40.600   -7.200 2
   40.600   -7.200 9
   40.600   -7.200 20
   40.600   -7.200 22
   40.600   -7.200 15
