   40.600   -7.200 50
   40.600   -7.200 62
   40.600   -7.200 19
   40.600   -7.200 64
   40.600   -7.200 46
   40.600   -7.200 18
   40.600   -7.200 2
   40.600   -7.200 3
   40.600   -7.200 0
   40.600   -7.200 12
   40.600   -7.200 0
   40.600   -7.200 0
   40.600   -7.200 1
   40.600   -7.200 0
   40.600   -7.200 0
   40.600   -7.200 0
   40.600   -7.200 0
   40.600   -7.200 0
   40.600   -7.200 0
   40.600   -7.200 0
   40.600   -7.200 1
   40.600   -7.200 0
   40.600   -7.200 10
   40.600   -7.200 0
   40.600   -7.200 0
   40.600   -7.200 0
   40.600   -7.200 0
   40.600   -7.200 4
   40.600   -7.200 1
   40.600   -7.200 0
