   41.800   -8.000 0
   41.800   -8.000 0
   41.800   -8.000 0
   41.800   -8.000 0
   41.800   -8.000 0
   41.800   -8.000 0
   41.800   -8.000 0
   41.800   -8.000 7
   41.800   -8.000 4
   41.800   -8.000 3
   41.800   -8.000 5
   41.800   -8.000 5
   41.800   -8.000 12
   41.800   -8.000 32
   41.800   -8.000 21
   41.800   -8.000 30
   41.800   -8.000 24
   41.800   -8.000 18
   41.800   -8.000 18
   41.800   -8.000 26
   41.800   -8.000 18
   41.800   -8.000 0
   41.800   -8.000 0
   41.800   -8.000 0
   41.800   -8.000 0
   41.800   -8.000 0
   41.800   -8.000 0
   41.800   -8.000 0
   41.800   -8.000 0
