   41.800   -8.000 0
   41.800   -8.000 0
   41.800   -8.000 3
   41.800   -8.000 0
   41.800   -8.000 6
   41.800   -8.000 15
   41.800   -8.000 0
   41.800   -8.000 10
   41.800   -8.000 25
   41.800   -8.000 0
   41.800   -8.000 0
   41.800   -8.000 0
   41.800   -8.000 0
   41.800   -8.000 0
   41.800   -8.000 6
   41.800   -8.000 15
   41.800   -8.000 8
   41.800   -8.000 5
   41.800   -8.000 10
   41.800   -8.000 20
   41.800   -8.000 16
   41.800   -8.000 19
   41.800   -8.000 13
   41.800   -8.000 9
   41.800   -8.000 8
   41.800   -8.000 3
   41.800   -8.000 0
   41.800   -8.000 9
   41.800   -8.000 11
   41.800   -8.000 3
