   38.800   -9.200 4
   38.800   -9.200 2
   38.800   -9.200 6
   38.800   -9.200 1
   38.800   -9.200 1
   38.800   -9.200 4
   38.800   -9.200 0
   38.800   -9.200 13
   38.800   -9.200 1
   38.800   -9.200 2
   38.800   -9.200 0
   38.800   -9.200 0
   38.800   -9.200 0
   38.800   -9.200 16
   38.800   -9.200 0
   38.800   -9.200 0
   38.800   -9.200 5
   38.800   -9.200 7
   38.800   -9.200 1
   38.800   -9.200 0
   38.800   -9.200 4
   38.800   -9.200 7
   38.800   -9.200 0
   38.800   -9.200 0
   38.800   -9.200 10
   38.800   -9.200 0
   38.800   -9.200 0
   38.800   -9.200 37
   38.800   -9.200 20
   38.800   -9.200 16
   38.800   -9.200 0
