   38.800   -9.200 24
   38.800   -9.200 9
   38.800   -9.200 7
   38.800   -9.200 5
   38.800   -9.200 2
   38.800   -9.200 1
   38.800   -9.200 15
   38.800   -9.200 16
   38.800   -9.200 4
   38.800   -9.200 9
   38.800   -9.200 27
   38.800   -9.200 10
   38.800   -9.200 25
   38.800   -9.200 5
   38.800   -9.200 3
   38.800   -9.200 0
   38.800   -9.200 2
   38.800   -9.200 0
   38.800   -9.200 0
   38.800   -9.200 0
   38.800   -9.200 0
   38.800   -9.200 0
   38.800   -9.200 0
   38.800   -9.200 0
   38.800   -9.200 0
   38.800   -9.200 0
   38.800   -9.200 0
   38.800   -9.200 0
   38.800   -9.200 11
