   40.200   -7.800 3
   40.200   -7.800 35
   40.200   -7.800 17
   40.200   -7.800 8
   40.200   -7.800 22
   40.200   -7.800 37
   40.200   -7.800 7
   40.200   -7.800 11
   40.200   -7.800 7
   40.200   -7.800 76
   40.200   -7.800 7
   40.200   -7.800 0
   40.200   -7.800 1
   40.200   -7.800 35
   40.200   -7.800 12
   40.200   -7.800 3
   40.200   -7.800 1
   40.200   -7.800 1
   40.200   -7.800 0
   40.200   -7.800 2
   40.200   -7.800 30
   40.200   -7.800 9
   40.200   -7.800 0
   40.200   -7.800 0
   40.200   -7.800 0
   40.200   -7.800 0
   40.200   -7.800 0
   40.200   -7.800 2
   40.200   -7.800 17
   40.200   -7.800 1
   40.200   -7.800 0
