   41.600   -8.200 0
   41.600   -8.200 14
   41.600   -8.200 20
   41.600   -8.200 17
   41.600   -8.200 40
   41.600   -8.200 60
   41.600   -8.200 11
   41.600   -8.200 33
   41.600   -8.200 37
   41.600   -8.200 28
   41.600   -8.200 2
   41.600   -8.200 1
   41.600   -8.200 0
   41.600   -8.200 1
   41.600   -8.200 8
   41.600   -8.200 27
   41.600   -8.200 17
   41.600   -8.200 0
   41.600   -8.200 0
   41.600   -8.200 0
   41.600   -8.200 0
   41.600   -8.200 0
   41.600   -8.200 0
   41.600   -8.200 0
   41.600   -8.200 0
   41.600   -8.200 0
   41.600   -8.200 1
   41.600   -8.200 13
   41.600   -8.200 2
   41.600   -8.200 0
   41.600   -8.200 15
