   41.600   -8.200 2
   41.600   -8.200 5
   41.600   -8.200 1
   41.600   -8.200 0
   41.600   -8.200 0
   41.600   -8.200 0
   41.600   -8.200 0
   41.600   -8.200 0
   41.600   -8.200 0
   41.600   -8.200 0
   41.600   -8.200 13
   41.600   -8.200 0
   41.600   -8.200 0
   41.600   -8.200 0
   41.600   -8.200 1
   41.600   -8.200 28
   41.600   -8.200 0
   41.600   -8.200 0
   41.600   -8.200 36
   41.600   -8.200 5
   41.600   -8.200 18
   41.600   -8.200 0
   41.600   -8.200 0
   41.600   -8.200 1
   41.600   -8.200 11
   41.600   -8.200 3
   41.600   -8.200 4
   41.600   -8.200 2
   41.600   -8.200 7
   41.600   -8.200 17
   41.600   -8.200 41
