   41.600   -8.200 21
   41.600   -8.200 16
   41.600   -8.200 42
   41.600   -8.200 41
   41.600   -8.200 42
   41.600   -8.200 86
   41.600   -8.200 40
   41.600   -8.200 21
   41.600   -8.200 30
   41.600   -8.200 12
   41.600   -8.200 6
   41.600   -8.200 18
   41.600   -8.200 30
   41.600   -8.200 2
   41.600   -8.200 0
   41.600   -8.200 7
   41.600   -8.200 17
   41.600   -8.200 6
   41.600   -8.200 5
   41.600   -8.200 1
   41.600   -8.200 5
   41.600   -8.200 11
   41.600   -8.200 17
   41.600   -8.200 32
   41.600   -8.200 23
   41.600   -8.200 26
   41.600   -8.200 32
   41.600   -8.200 24
   41.600   -8.200 30
   41.600   -8.200 22
