   40.600   -8.600 1
   40.600   -8.600 8
   40.600   -8.600 18
   40.600   -8.600 2
   40.600   -8.600 0
   40.600   -8.600 0
   40.600   -8.600 0
   40.600   -8.600 1
   40.600   -8.600 12
   40.600   -8.600 31
   40.600   -8.600 9
   40.600   -8.600 29
   40.600   -8.600 18
   40.600   -8.600 2
   40.600   -8.600 8
   40.600   -8.600 11
   40.600   -8.600 8
   40.600   -8.600 2
   40.600   -8.600 3
   40.600   -8.600 0
   40.600   -8.600 0
   40.600   -8.600 10
   40.600   -8.600 18
   40.600   -8.600 9
   40.600   -8.600 3
   40.600   -8.600 16
   40.600   -8.600 38
   40.600   -8.600 6
   40.600   -8.600 0
   40.600   -8.600 0
   40.600   -8.600 2
