   37.400   -7.800 4
   37.400   -7.800 1
   37.400   -7.800 11
   37.400   -7.800 5
   37.400   -7.800 0
   37.400   -7.800 26
   37.400   -7.800 0
   37.400   -7.800 0
   37.400   -7.800 0
   37.400   -7.800 0
   37.400   -7.800 0
   37.400   -7.800 0
   37.400   -7.800 0
   37.400   -7.800 0
   37.400   -7.800 0
   37.400   -7.800 0
   37.400   -7.800 50
   37.400   -7.800 31
   37.400   -7.800 2
   37.400   -7.800 4
   37.400   -7.800 12
   37.400   -7.800 0
   37.400   -7.800 1
   37.400   -7.800 21
   37.400   -7.800 1
   37.400   -7.800 42
   37.400   -7.800 13
   37.400   -7.800 1
   37.400   -7.800 0
   37.400   -7.800 0
   37.400   -7.800 2
