   40.600   -8.600 0
   40.600   -8.600 0
   40.600   -8.600 23
   40.600   -8.600 2
   40.600   -8.600 2
   40.600   -8.600 17
   40.600   -8.600 3
   40.600   -8.600 2
   40.600   -8.600 3
   40.600   -8.600 0
   40.600   -8.600 0
   40.600   -8.600 0
   40.600   -8.600 0
   40.600   -8.600 0
   40.600   -8.600 0
   40.600   -8.600 0
   40.600   -8.600 0
   40.600   -8.600 0
   40.600   -8.600 0
   40.600   -8.600 19
   40.600   -8.600 10
   40.600   -8.600 25
   40.600   -8.600 18
   40.600   -8.600 7
   40.600   -8.600 23
   40.600   -8.600 13
   40.600   -8.600 0
   40.600   -8.600 0
   40.600   -8.600 5
