   40.600   -8.600 0
   40.600   -8.600 0
   40.600   -8.600 0
   40.600   -8.600 1
   40.600   -8.600 3
   40.600   -8.600 19
   40.600   -8.600 28
   40.600   -8.600 33
   40.600   -8.600 14
   40.600   -8.600 13
   40.600   -8.600 2
   40.600   -8.600 0
   40.600   -8.600 2
   40.600   -8.600 7
   40.600   -8.600 12
   40.600   -8.600 6
   40.600   -8.600 1
   40.600   -8.600 0
   40.600   -8.600 0
   40.600   -8.600 0
   40.600   -8.600 0
   40.600   -8.600 0
   40.600   -8.600 0
   40.600   -8.600 0
   40.600   -8.600 2
   40.600   -8.600 2
   40.600   -8.600 5
   40.600   -8.600 18
   40.600   -8.600 2
