   41.600   -8.200 0
   41.600   -8.200 21
   41.600   -8.200 25
   41.600   -8.200 14
   41.600   -8.200 1
   41.600   -8.200 1
   41.600   -8.200 11
   41.600   -8.200 26
   41.600   -8.200 0
   41.600   -8.200 0
   41.600   -8.200 3
   41.600   -8.200 10
   41.600   -8.200 1
   41.600   -8.200 0
   41.600   -8.200 0
   41.600   -8.200 0
   41.600   -8.200 12
   41.600   -8.200 8
   41.600   -8.200 3
   41.600   -8.200 2
   41.600   -8.200 0
   41.600   -8.200 1
   41.600   -8.200 16
   41.600   -8.200 3
   41.600   -8.200 0
   41.600   -8.200 0
   41.600   -8.200 0
   41.600   -8.200 0
   41.600   -8.200 0
   41.600   -8.200 0
   41.600   -8.200 2
