   39.800   -7.800 33
   39.800   -7.800 34
   39.800   -7.800 7
   39.800   -7.800 3
   39.800   -7.800 1
   39.800   -7.800 3
   39.800   -7.800 10
   39.800   -7.800 30
   39.800   -7.800 25
   39.800   -7.800 8
   39.800   -7.800 40
   39.800   -7.800 29
   39.800   -7.800 20
   39.800   -7.800 5
   39.800   -7.800 4
   39.800   -7.800 2
   39.800   -7.800 0
   39.800   -7.800 0
   39.800   -7.800 0
   39.800   -7.800 0
   39.800   -7.800 0
   39.800   -7.800 0
   39.800   -7.800 0
   39.800   -7.800 0
   39.800   -7.800 0
   39.800   -7.800 0
   39.800   -7.800 0
   39.800   -7.800 1
   39.800   -7.800 8
