   39.800   -7.800 24
   39.800   -7.800 7
   39.800   -7.800 0
   39.800   -7.800 0
   39.800   -7.800 0
   39.800   -7.800 0
   39.800   -7.800 0
   39.800   -7.800 0
   39.800   -7.800 6
   39.800   -7.800 26
   39.800   -7.800 4
   39.800   -7.800 9
   39.800   -7.800 10
   39.800   -7.800 3
   39.800   -7.800 1
   39.800   -7.800 6
   39.800   -7.800 2
   39.800   -7.800 0
   39.800   -7.800 0
   39.800   -7.800 0
   39.800   -7.800 1
   39.800   -7.800 6
   39.800   -7.800 8
   39.800   -7.800 22
   39.800   -7.800 0
   39.800   -7.800 0
   39.800   -7.800 0
   39.800   -7.800 0
   39.800   -7.800 0
