   39.800   -7.800 1
   39.800   -7.800 2
   39.800   -7.800 11
   39.800   -7.800 2
   39.800   -7.800 0
   39.800   -7.800 0
   39.800   -7.800 0
   39.800   -7.800 9
   39.800   -7.800 19
   39.800   -7.800 0
   39.800   -7.800 0
   39.800   -7.800 1
   39.800   -7.800 4
   39.800   -7.800 0
   39.800   -7.800 0
   39.800   -7.800 1
   39.800   -7.800 2
   39.800   -7.800 0
   39.800   -7.800 1
   39.800   -7.800 22
   39.800   -7.800 15
   39.800   -7.800 0
   39.800   -7.800 1
   39.800   -7.800 1
   39.800   -7.800 4
   39.800   -7.800 4
   39.800   -7.800 0
   39.800   -7.800 0
   39.800   -7.800 0
   39.800   -7.800 0
   39.800   -7.800 2
