   39.800   -7.800 15
   39.800   -7.800 10
   39.800   -7.800 1
   39.800   -7.800 11
   39.800   -7.800 13
   39.800   -7.800 6
   39.800   -7.800 23
   39.800   -7.800 8
   39.800   -7.800 5
   39.800   -7.800 2
   39.800   -7.800 0
   39.800   -7.800 0
   39.800   -7.800 0
   39.800   -7.800 0
   39.800   -7.800 0
   39.800   -7.800 0
   39.800   -7.800 0
   39.800   -7.800 0
   39.800   -7.800 0
   39.800   -7.800 0
   39.800   -7.800 0
   39.800   -7.800 0
   39.800   -7.800 0
   39.800   -7.800 0
   39.800   -7.800 0
   39.800   -7.800 0
   39.800   -7.800 0
   39.800   -7.800 16
   39.800   -7.800 0
   39.800   -7.800 2
