   40.200   -7.800 0
   40.200   -7.800 0
   40.200   -7.800 11
   40.200   -7.800 39
   40.200   -7.800 6
   40.200   -7.800 0
   40.200   -7.800 0
   40.200   -7.800 0
   40.200   -7.800 0
   40.200   -7.800 0
   40.200   -7.800 0
   40.200   -7.800 0
   40.200   -7.800 0
   40.200   -7.800 0
   40.200   -7.800 0
   40.200   -7.800 17
   40.200   -7.800 10
   40.200   -7.800 12
   40.200   -7.800 26
   40.200   -7.800 19
   40.200   -7.800 14
   40.200   -7.800 7
   40.200   -7.800 11
   40.200   -7.800 26
   40.200   -7.800 26
   40.200   -7.800 4
   40.200   -7.800 0
   40.200   -7.800 0
   40.200   -7.800 0
   40.200   -7.800 0
   40.200   -7.800 0
