   41.400   -8.200 0
   41.400   -8.200 0
   41.400   -8.200 8
   41.400   -8.200 31
   41.400   -8.200 23
   41.400   -8.200 16
   41.400   -8.200 3
   41.400   -8.200 0
   41.400   -8.200 1
   41.400   -8.200 0
   41.400   -8.200 0
   41.400   -8.200 0
   41.400   -8.200 0
   41.400   -8.200 0
   41.400   -8.200 0
   41.400   -8.200 0
   41.400   -8.200 0
   41.400   -8.200 0
   41.400   -8.200 0
   41.400   -8.200 10
   41.400   -8.200 15
   41.400   -8.200 9
   41.400   -8.200 10
   41.400   -8.200 3
   41.400   -8.200 12
   41.400   -8.200 62
   41.400   -8.200 27
   41.400   -8.200 27
   41.400   -8.200 34
   41.400   -8.200 0
