   41.200   -7.200 0
   41.200   -7.200 0
   41.200   -7.200 0
   41.200   -7.200 0
   41.200   -7.200 0
   41.200   -7.200 0
   41.200   -7.200 5
   41.200   -7.200 0
   41.200   -7.200 0
   41.200   -7.200 0
   41.200   -7.200 0
   41.200   -7.200 0
   41.200   -7.200 0
   41.200   -7.200 2
   41.200   -7.200 1
   41.200   -7.200 1
   41.200   -7.200 0
   41.200   -7.200 0
   41.200   -7.200 0
   41.200   -7.200 0
   41.200   -7.200 0
   41.200   -7.200 0
   41.200   -7.200 3
   41.200   -7.200 8
   41.200   -7.200 0
   41.200   -7.200 0
   41.200   -7.200 0
   41.200   -7.200 0
   41.200   -7.200 0
   41.200   -7.200 0
   41.200   -7.200 0
