   39.800   -7.800 0
   39.800   -7.800 0
   39.800   -7.800 0
   39.800   -7.800 0
   39.800   -7.800 0
   39.800   -7.800 0
   39.800   -7.800 0
   39.800   -7.800 0
   39.800   -7.800 3
   39.800   -7.800 9
   39.800   -7.800 2
   39.800   -7.800 0
   39.800   -7.800 0
   39.800   -7.800 1
   39.800   -7.800 11
   39.800   -7.800 19
   39.800   -7.800 14
   39.800   -7.800 29
   39.800   -7.800 12
   39.800   -7.800 37
   39.800   -7.800 31
   39.800   -7.800 40
   39.800   -7.800 8
   39.800   -7.800 3
   39.800   -7.800 10
   39.800   -7.800 2
   39.800   -7.800 6
   39.800   -7.800 12
   39.800   -7.800 1
   39.800   -7.800 0
   39.800   -7.800 1
