   38.800   -7.200 0
   38.800   -7.200 13
   38.800   -7.200 0
   38.800   -7.200 0
   38.800   -7.200 0
   38.800   -7.200 0
   38.800   -7.200 0
   38.800   -7.200 0
   38.800   -7.200 0
   38.800   -7.200 0
   38.800   -7.200 0
   38.800   -7.200 28
   38.800   -7.200 5
   38.800   -7.200 0
   38.800   -7.200 13
   38.800   -7.200 0
   38.800   -7.200 19
   38.800   -7.200 0
   38.800   -7.200 6
   38.800   -7.200 34
   38.800   -7.200 6
   38.800   -7.200 2
   38.800   -7.200 0
   38.800   -7.200 0
   38.800   -7.200 0
   38.800   -7.200 0
   38.800   -7.200 0
   38.800   -7.200 0
   38.800   -7.200 16
   38.800   -7.200 4
   38.800   -7.200 0
