   38.000   -7.800 0
   38.000   -7.800 0
   38.000   -7.800 0
   38.000   -7.800 0
   38.000   -7.800 0
   38.000   -7.800 0
   38.000   -7.800 0
   38.000   -7.800 0
   38.000   -7.800 2
   38.000   -7.800 16
   38.000   -7.800 0
   38.000   -7.800 0
   38.000   -7.800 0
   38.000   -7.800 0
   38.000   -7.800 0
   38.000   -7.800 0
   38.000   -7.800 6
   38.000   -7.800 6
   38.000   -7.800 9
   38.000   -7.800 8
   38.000   -7.800 9
   38.000   -7.800 19
   38.000   -7.800 15
   38.000   -7.800 5
   38.000   -7.800 11
   38.000   -7.800 4
   38.000   -7.800 18
   38.000   -7.800 4
   38.000   -7.800 4
   38.000   -7.800 18
   38.000   -7.800 0
