   41.600   -8.200 25
   41.600   -8.200 6
   41.600   -8.200 1
   41.600   -8.200 0
   41.600   -8.200 0
   41.600   -8.200 0
   41.600   -8.200 0
   41.600   -8.200 0
   41.600   -8.200 0
   41.600   -8.200 0
   41.600   -8.200 0
   41.600   -8.200 0
   41.600   -8.200 7
   41.600   -8.200 2
   41.600   -8.200 0
   41.600   -8.200 0
   41.600   -8.200 0
   41.600   -8.200 37
   41.600   -8.200 7
   41.600   -8.200 0
   41.600   -8.200 21
   41.600   -8.200 31
   41.600   -8.200 30
   41.600   -8.200 51
   41.600   -8.200 78
   41.600   -8.200 42
   41.600   -8.200 7
   41.600   -8.200 0
   41.600   -8.200 0
   41.600   -8.200 0
   41.600   -8.200 10
