   41.600   -8.200 33
   41.600   -8.200 18
   41.600   -8.200 14
   41.600   -8.200 41
   41.600   -8.200 21
   41.600   -8.200 6
   41.600   -8.200 12
   41.600   -8.200 4
   41.600   -8.200 3
   41.600   -8.200 0
   41.600   -8.200 0
   41.600   -8.200 58
   41.600   -8.200 8
   41.600   -8.200 0
   41.600   -8.200 0
   41.600   -8.200 0
   41.600   -8.200 1
   41.600   -8.200 36
   41.600   -8.200 34
   41.600   -8.200 43
   41.600   -8.200 54
   41.600   -8.200 56
   41.600   -8.200 48
   41.600   -8.200 34
   41.600   -8.200 28
   41.600   -8.200 15
   41.600   -8.200 12
   41.600   -8.200 5
   41.600   -8.200 20
   41.600   -8.200 52
   41.600   -8.200 32
