   41.600   -8.200 5
   41.600   -8.200 0
   41.600   -8.200 0
   41.600   -8.200 0
   41.600   -8.200 0
   41.600   -8.200 10
   41.600   -8.200 21
   41.600   -8.200 36
   41.600   -8.200 29
   41.600   -8.200 26
   41.600   -8.200 21
   41.600   -8.200 53
   41.600   -8.200 68
   41.600   -8.200 39
   41.600   -8.200 9
   41.600   -8.200 10
   41.600   -8.200 5
   41.600   -8.200 0
   41.600   -8.200 0
   41.600   -8.200 0
   41.600   -8.200 0
   41.600   -8.200 1
   41.600   -8.200 4
   41.600   -8.200 9
   41.600   -8.200 11
   41.600   -8.200 4
   41.600   -8.200 2
   41.600   -8.200 5
   41.600   -8.200 7
   41.600   -8.200 12
   41.600   -8.200 6
