   41.800   -8.800 0
   41.800   -8.800 0
   41.800   -8.800 0
   41.800   -8.800 0
   41.800   -8.800 0
   41.800   -8.800 0
   41.800   -8.800 0
   41.800   -8.800 0
   41.800   -8.800 8
   41.800   -8.800 0
   41.800   -8.800 0
   41.800   -8.800 2
   41.800   -8.800 8
   41.800   -8.800 30
   41.800   -8.800 2
   41.800   -8.800 0
   41.800   -8.800 0
   41.800   -8.800 0
   41.800   -8.800 0
   41.800   -8.800 0
   41.800   -8.800 0
   41.800   -8.800 0
   41.800   -8.800 0
   41.800   -8.800 0
   41.800   -8.800 0
   41.800   -8.800 0
   41.800   -8.800 0
   41.800   -8.800 0
   41.800   -8.800 0
   41.800   -8.800 0
   41.800   -8.800 0
   41.800   -8.800 25
   41.800   -8.800 12
   41.800   -8.800 0
   41.800   -8.800 0
   41.800   -8.800 0
   41.800   -8.800 0
   41.800   -8.800 3
   41.800   -8.800 4
   41.800   -8.800 11
   41.800   -8.800 4
   41.800   -8.800 1
   41.800   -8.800 0
   41.800   -8.800 0
   41.800   -8.800 0
   41.800   -8.800 0
   41.800   -8.800 0
   41.800   -8.800 2
   41.800   -8.800 1
   41.800   -8.800 0
   41.800   -8.800 0
   41.800   -8.800 0
   41.800   -8.800 0
   41.800   -8.800 1
   41.800   -8.800 0
   41.800   -8.800 0
   41.800   -8.800 0
   41.800   -8.800 0
   41.800   -8.800 0
   41.800   -8.800 0
   41.800   -8.800 0
   41.800   -8.800 0
   41.800   -8.800 0
   41.800   -8.800 0
   41.800   -8.800 0
   41.800   -8.800 0
   41.800   -8.800 0
   41.800   -8.800 0
   41.800   -8.800 0
   41.800   -8.800 0
   41.800   -8.800 0
   41.800   -8.800 0
   41.800   -8.800 0
   41.800   -8.800 0
   41.800   -8.800 0
   41.800   -8.800 0
   41.800   -8.800 0
   41.800   -8.800 0
   41.800   -8.800 0
   41.800   -8.800 0
   41.800   -8.800 0
   41.800   -8.800 8
   41.800   -8.800 10
   41.800   -8.800 5
   41.800   -8.800 8
   41.800   -8.800 0
   41.800   -8.800 0
   41.800   -8.800 0
   41.800   -8.800 0
   41.800   -8.800 0
   41.800   -8.800 0
   41.800   -8.800 0
   41.800   -8.800 31
   41.800   -8.800 25
   41.800   -8.800 9
   41.800   -8.800 3
   41.800   -8.800 0
   41.800   -8.800 0
   41.800   -8.800 5
   41.800   -8.800 13
   41.800   -8.800 3
   41.800   -8.800 1
   41.800   -8.800 8
   41.800   -8.800 27
   41.800   -8.800 40
   41.800   -8.800 9
   41.800   -8.800 22
   41.800   -8.800 6
   41.800   -8.800 17
   41.800   -8.800 29
   41.800   -8.800 20
   41.800   -8.800 12
   41.800   -8.800 14
   41.800   -8.800 10
   41.800   -8.800 33
   41.800   -8.800 46
   41.800   -8.800 11
   41.800   -8.800 5
   41.800   -8.800 6
   41.800   -8.800 15
   41.800   -8.800 18
   41.800   -8.800 2
   41.800   -8.800 3
   41.800   -8.800 3
   41.800   -8.800 7
   41.800   -8.800 5
   41.800   -8.800 4
   41.800   -8.800 5
   41.800   -8.800 6
   41.800   -8.800 0
   41.800   -8.800 4
   41.800   -8.800 2
   41.800   -8.800 0
   41.800   -8.800 0
   41.800   -8.800 0
   41.800   -8.800 0
   41.800   -8.800 0
   41.800   -8.800 0
   41.800   -8.800 1
   41.800   -8.800 0
   41.800   -8.800 0
   41.800   -8.800 0
   41.800   -8.800 0
   41.800   -8.800 0
   41.800   -8.800 2
   41.800   -8.800 14
   41.800   -8.800 9
   41.800   -8.800 1
   41.800   -8.800 25
   41.800   -8.800 11
   41.800   -8.800 0
   41.800   -8.800 0
   41.800   -8.800 0
   41.800   -8.800 0
   41.800   -8.800 0
   41.800   -8.800 0
   41.800   -8.800 0
   41.800   -8.800 0
   41.800   -8.800 0
   41.800   -8.800 0
   41.800   -8.800 6
   41.800   -8.800 3
   41.800   -8.800 1
   41.800   -8.800 0
   41.800   -8.800 0
   41.800   -8.800 0
   41.800   -8.800 0
   41.800   -8.800 0
   41.800   -8.800 0
   41.800   -8.800 0
   41.800   -8.800 0
   41.800   -8.800 5
   41.800   -8.800 6
   41.800   -8.800 0
   41.800   -8.800 0
   41.800   -8.800 0
   41.800   -8.800 0
   41.800   -8.800 0
   41.800   -8.800 1
   41.800   -8.800 0
   41.800   -8.800 0
   41.800   -8.800 0
   41.800   -8.800 3
   41.800   -8.800 7
   41.800   -8.800 16
   41.800   -8.800 2
   41.800   -8.800 0
   41.800   -8.800 0
   41.800   -8.800 4
   41.800   -8.800 0
   41.800   -8.800 0
   41.800   -8.800 11
   41.800   -8.800 0
   41.800   -8.800 0
   41.800   -8.800 0
   41.800   -8.800 0
   41.800   -8.800 0
   41.800   -8.800 0
   41.800   -8.800 0
   41.800   -8.800 0
   41.800   -8.800 0
   41.800   -8.800 0
   41.800   -8.800 0
   41.800   -8.800 2
   41.800   -8.800 4
   41.800   -8.800 5
   41.800   -8.800 10
   41.800   -8.800 7
   41.800   -8.800 0
   41.800   -8.800 0
   41.800   -8.800 0
   41.800   -8.800 0
   41.800   -8.800 0
   41.800   -8.800 0
   41.800   -8.800 0
   41.800   -8.800 0
   41.800   -8.800 0
   41.800   -8.800 0
   41.800   -8.800 0
   41.800   -8.800 0
   41.800   -8.800 0
   41.800   -8.800 0
   41.800   -8.800 0
   41.800   -8.800 0
   41.800   -8.800 0
   41.800   -8.800 0
   41.800   -8.800 1
   41.800   -8.800 0
   41.800   -8.800 0
   41.800   -8.800 0
   41.800   -8.800 0
   41.800   -8.800 0
   41.800   -8.800 0
   41.800   -8.800 0
   41.800   -8.800 0
   41.800   -8.800 27
   41.800   -8.800 0
   41.800   -8.800 0
   41.800   -8.800 0
   41.800   -8.800 0
   41.800   -8.800 0
   41.800   -8.800 0
   41.800   -8.800 0
   41.800   -8.800 0
   41.800   -8.800 0
   41.800   -8.800 0
   41.800   -8.800 0
   41.800   -8.800 0
   41.800   -8.800 0
   41.800   -8.800 0
   41.800   -8.800 0
   41.800   -8.800 0
   41.800   -8.800 0
   41.800   -8.800 0
   41.800   -8.800 0
   41.800   -8.800 0
   41.800   -8.800 0
   41.800   -8.800 0
   41.800   -8.800 0
   41.800   -8.800 0
   41.800   -8.800 0
   41.800   -8.800 5
   41.800   -8.800 17
   41.800   -8.800 6
   41.800   -8.800 0
   41.800   -8.800 0
   41.800   -8.800 1
   41.800   -8.800 10
   41.800   -8.800 0
   41.800   -8.800 10
   41.800   -8.800 0
   41.800   -8.800 39
   41.800   -8.800 5
   41.800   -8.800 1
   41.800   -8.800 3
   41.800   -8.800 4
   41.800   -8.800 0
   41.800   -8.800 0
   41.800   -8.800 0
   41.800   -8.800 0
   41.800   -8.800 0
   41.800   -8.800 0
   41.800   -8.800 0
   41.800   -8.800 7
   41.800   -8.800 18
   41.800   -8.800 15
   41.800   -8.800 0
   41.800   -8.800 2
   41.800   -8.800 4
   41.800   -8.800 0
   41.800   -8.800 0
   41.800   -8.800 0
   41.800   -8.800 32
   41.800   -8.800 8
   41.800   -8.800 3
   41.800   -8.800 0
   41.800   -8.800 0
   41.800   -8.800 0
   41.800   -8.800 1
   41.800   -8.800 1
   41.800   -8.800 0
   41.800   -8.800 0
   41.800   -8.800 7
   41.800   -8.800 7
   41.800   -8.800 33
   41.800   -8.800 3
   41.800   -8.800 70
   41.800   -8.800 19
   41.800   -8.800 3
   41.800   -8.800 63
   41.800   -8.800 18
   41.800   -8.800 8
   41.800   -8.800 10
   41.800   -8.800 3
   41.800   -8.800 0
   41.800   -8.800 0
   41.800   -8.800 6
   41.800   -8.800 68
   41.800   -8.800 9
   41.800   -8.800 1
   41.800   -8.800 9
   41.800   -8.800 0
   41.800   -8.800 0
   41.800   -8.800 5
   41.800   -8.800 8
   41.800   -8.800 4
   41.800   -8.800 114
   41.800   -8.800 15
   41.800   -8.800 14
   41.800   -8.800 18
   41.800   -8.800 9
   41.800   -8.800 13
   41.800   -8.800 1
   41.800   -8.800 7
   41.800   -8.800 7
   41.800   -8.800 31
   41.800   -8.800 20
   41.800   -8.800 20
   41.800   -8.800 27
   41.800   -8.800 27
   41.800   -8.800 22
   41.800   -8.800 64
   41.800   -8.800 42
   41.800   -8.800 16
   41.800   -8.800 25
   41.800   -8.800 14
   41.800   -8.800 3
   41.800   -8.800 18
   41.800   -8.800 26
   41.800   -8.800 17
   41.800   -8.800 0
   41.800   -8.800 7
   41.800   -8.800 66
   41.800   -8.800 20
   41.800   -8.800 6
   41.800   -8.800 2
   41.800   -8.800 7
   41.800   -8.800 15
   41.800   -8.800 21
   41.800   -8.800 26
   41.800   -8.800 32
   41.800   -8.800 12
   41.800   -8.800 35
   41.800   -8.800 8
   41.800   -8.800 6
   41.800   -8.800 30
