   41.800   -8.800 5
   41.800   -8.800 14
   41.800   -8.800 0
   41.800   -8.800 0
   41.800   -8.800 0
   41.800   -8.800 9
   41.800   -8.800 10
   41.800   -8.800 17
   41.800   -8.800 20
   41.800   -8.800 15
   41.800   -8.800 0
   41.800   -8.800 0
   41.800   -8.800 11
   41.800   -8.800 3
   41.800   -8.800 0
   41.800   -8.800 0
   41.800   -8.800 3
   41.800   -8.800 31
   41.800   -8.800 27
   41.800   -8.800 1
   41.800   -8.800 0
   41.800   -8.800 14
   41.800   -8.800 0
   41.800   -8.800 1
   41.800   -8.800 13
   41.800   -8.800 1
   41.800   -8.800 0
   41.800   -8.800 0
   41.800   -8.800 0
   41.800   -8.800 0
