   41.800   -8.800 6
   41.800   -8.800 10
   41.800   -8.800 6
   41.800   -8.800 14
   41.800   -8.800 0
   41.800   -8.800 0
   41.800   -8.800 6
   41.800   -8.800 1
   41.800   -8.800 26
   41.800   -8.800 44
   41.800   -8.800 7
   41.800   -8.800 12
   41.800   -8.800 2
   41.800   -8.800 30
   41.800   -8.800 19
   41.800   -8.800 5
   41.800   -8.800 1
   41.800   -8.800 3
   41.800   -8.800 5
   41.800   -8.800 1
   41.800   -8.800 1
   41.800   -8.800 0
   41.800   -8.800 0
   41.800   -8.800 0
   41.800   -8.800 0
   41.800   -8.800 0
   41.800   -8.800 0
   41.800   -8.800 2
   41.800   -8.800 4
   41.800   -8.800 22
   41.800   -8.800 1
