   39.800   -7.800 13
   39.800   -7.800 4
   39.800   -7.800 0
   39.800   -7.800 0
   39.800   -7.800 0
   39.800   -7.800 0
   39.800   -7.800 0
   39.800   -7.800 0
   39.800   -7.800 5
   39.800   -7.800 33
   39.800   -7.800 20
   39.800   -7.800 10
   39.800   -7.800 17
   39.800   -7.800 7
   39.800   -7.800 0
   39.800   -7.800 0
   39.800   -7.800 3
   39.800   -7.800 3
   39.800   -7.800 14
   39.800   -7.800 9
   39.800   -7.800 11
   39.800   -7.800 0
   39.800   -7.800 3
   39.800   -7.800 8
   39.800   -7.800 0
   39.800   -7.800 0
   39.800   -7.800 0
   39.800   -7.800 17
   39.800   -7.800 1
   39.800   -7.800 11
   39.800   -7.800 2
