   38.800   -8.600 4
   38.800   -8.600 3
   38.800   -8.600 0
   38.800   -8.600 8
   38.800   -8.600 12
   38.800   -8.600 16
   38.800   -8.600 4
   38.800   -8.600 1
   38.800   -8.600 3
   38.800   -8.600 0
   38.800   -8.600 0
   38.800   -8.600 9
   38.800   -8.600 21
   38.800   -8.600 25
   38.800   -8.600 1
   38.800   -8.600 0
   38.800   -8.600 9
   38.800   -8.600 0
   38.800   -8.600 0
   38.800   -8.600 0
   38.800   -8.600 0
   38.800   -8.600 0
   38.800   -8.600 0
   38.800   -8.600 0
   38.800   -8.600 0
   38.800   -8.600 11
   38.800   -8.600 0
   38.800   -8.600 12
   38.800   -8.600 2
   38.800   -8.600 1
