   40.200   -7.800 0
   40.200   -7.800 0
   40.200   -7.800 0
   40.200   -7.800 0
   40.200   -7.800 12
   40.200   -7.800 5
   40.200   -7.800 0
   40.200   -7.800 12
   40.200   -7.800 57
   40.200   -7.800 35
   40.200   -7.800 8
   40.200   -7.800 7
   40.200   -7.800 9
   40.200   -7.800 0
   40.200   -7.800 0
   40.200   -7.800 0
   40.200   -7.800 0
   40.200   -7.800 0
   40.200   -7.800 4
   40.200   -7.800 2
   40.200   -7.800 21
   40.200   -7.800 15
   40.200   -7.800 2
   40.200   -7.800 0
   40.200   -7.800 0
   40.200   -7.800 0
   40.200   -7.800 0
   40.200   -7.800 3
   40.200   -7.800 0
   40.200   -7.800 0
