   40.200   -7.800 13
   40.200   -7.800 6
   40.200   -7.800 1
   40.200   -7.800 6
   40.200   -7.800 11
   40.200   -7.800 1
   40.200   -7.800 2
   40.200   -7.800 0
   40.200   -7.800 0
   40.200   -7.800 0
   40.200   -7.800 0
   40.200   -7.800 0
   40.200   -7.800 0
   40.200   -7.800 0
   40.200   -7.800 0
   40.200   -7.800 0
   40.200   -7.800 0
   40.200   -7.800 0
   40.200   -7.800 12
   40.200   -7.800 28
   40.200   -7.800 13
   40.200   -7.800 0
   40.200   -7.800 0
   40.200   -7.800 0
   40.200   -7.800 0
   40.200   -7.800 0
   40.200   -7.800 0
   40.200   -7.800 0
   40.200   -7.800 20
   40.200   -7.800 34
