   40.200   -7.800 0
   40.200   -7.800 1
   40.200   -7.800 0
   40.200   -7.800 4
   40.200   -7.800 0
   40.200   -7.800 0
   40.200   -7.800 0
   40.200   -7.800 0
   40.200   -7.800 0
   40.200   -7.800 41
   40.200   -7.800 11
   40.200   -7.800 12
   40.200   -7.800 12
   40.200   -7.800 8
   40.200   -7.800 4
   40.200   -7.800 4
   40.200   -7.800 3
   40.200   -7.800 0
   40.200   -7.800 0
   40.200   -7.800 0
   40.200   -7.800 0
   40.200   -7.800 0
   40.200   -7.800 0
   40.200   -7.800 0
   40.200   -7.800 0
   40.200   -7.800 0
   40.200   -7.800 7
   40.200   -7.800 2
   40.200   -7.800 2
   40.200   -7.800 0
