   40.200   -7.800 0
   40.200   -7.800 0
   40.200   -7.800 0
   40.200   -7.800 0
   40.200   -7.800 0
   40.200   -7.800 0
   40.200   -7.800 0
   40.200   -7.800 0
   40.200   -7.800 0
   40.200   -7.800 0
   40.200   -7.800 0
   40.200   -7.800 2
   40.200   -7.800 7
   40.200   -7.800 10
   40.200   -7.800 4
   40.200   -7.800 12
   40.200   -7.800 16
   40.200   -7.800 8
   40.200   -7.800 24
   40.200   -7.800 2
   40.200   -7.800 0
   40.200   -7.800 18
   40.200   -7.800 29
   40.200   -7.800 2
   40.200   -7.800 0
   40.200   -7.800 0
   40.200   -7.800 33
   40.200   -7.800 1
   40.200   -7.800 1
   40.200   -7.800 0
