   38.600   -7.400 10
   38.600   -7.400 0
   38.600   -7.400 14
   38.600   -7.400 13
   38.600   -7.400 17
   38.600   -7.400 16
   38.600   -7.400 18
   38.600   -7.400 3
   38.600   -7.400 0
   38.600   -7.400 0
   38.600   -7.400 0
   38.600   -7.400 10
   38.600   -7.400 0
   38.600   -7.400 0
   38.600   -7.400 3
   38.600   -7.400 6
   38.600   -7.400 3
   38.600   -7.400 5
   38.600   -7.400 0
   38.600   -7.400 0
   38.600   -7.400 0
   38.600   -7.400 0
   38.600   -7.400 0
   38.600   -7.400 0
   38.600   -7.400 0
   38.600   -7.400 0
   38.600   -7.400 0
   38.600   -7.400 0
   38.600   -7.400 8
   38.600   -7.400 6
