   41.600   -8.200 0
   41.600   -8.200 0
   41.600   -8.200 0
   41.600   -8.200 0
   41.600   -8.200 0
   41.600   -8.200 0
   41.600   -8.200 0
   41.600   -8.200 0
   41.600   -8.200 0
   41.600   -8.200 0
   41.600   -8.200 0
   41.600   -8.200 0
   41.600   -8.200 0
   41.600   -8.200 0
   41.600   -8.200 0
   41.600   -8.200 4
   41.600   -8.200 7
   41.600   -8.200 24
   41.600   -8.200 9
   41.600   -8.200 9
   41.600   -8.200 0
   41.600   -8.200 2
   41.600   -8.200 68
   41.600   -8.200 33
   41.600   -8.200 9
   41.600   -8.200 12
   41.600   -8.200 7
   41.600   -8.200 3
   41.600   -8.200 0
   41.600   -8.200 7
