   38.800   -9.200 14
   38.800   -9.200 0
   38.800   -9.200 0
   38.800   -9.200 0
   38.800   -9.200 27
   38.800   -9.200 16
   38.800   -9.200 0
   38.800   -9.200 0
   38.800   -9.200 5
   38.800   -9.200 6
   38.800   -9.200 0
   38.800   -9.200 2
   38.800   -9.200 11
   38.800   -9.200 5
   38.800   -9.200 5
   38.800   -9.200 2
   38.800   -9.200 21
   38.800   -9.200 2
   38.800   -9.200 0
   38.800   -9.200 1
   38.800   -9.200 0
   38.800   -9.200 0
   38.800   -9.200 0
   38.800   -9.200 0
   38.800   -9.200 0
   38.800   -9.200 0
   38.800   -9.200 0
   38.800   -9.200 0
   38.800   -9.200 0
   38.800   -9.200 0
