   41.400   -8.200 0
   41.400   -8.200 0
   41.400   -8.200 0
   41.400   -8.200 0
   41.400   -8.200 0
   41.400   -8.200 0
   41.400   -8.200 3
   41.400   -8.200 0
   41.400   -8.200 0
   41.400   -8.200 0
   41.400   -8.200 0
   41.400   -8.200 0
   41.400   -8.200 0
   41.400   -8.200 0
   41.400   -8.200 1
   41.400   -8.200 2
   41.400   -8.200 0
   41.400   -8.200 0
   41.400   -8.200 1
   41.400   -8.200 27
   41.400   -8.200 30
   41.400   -8.200 41
   41.400   -8.200 80
   41.400   -8.200 68
   41.400   -8.200 17
   41.400   -8.200 19
   41.400   -8.200 15
   41.400   -8.200 23
   41.400   -8.200 32
