   41.400   -8.200 0
   41.400   -8.200 0
   41.400   -8.200 0
   41.400   -8.200 0
   41.400   -8.200 0
   41.400   -8.200 10
   41.400   -8.200 7
   41.400   -8.200 1
   41.400   -8.200 4
   41.400   -8.200 29
   41.400   -8.200 0
   41.400   -8.200 0
   41.400   -8.200 15
   41.400   -8.200 21
   41.400   -8.200 24
   41.400   -8.200 35
   41.400   -8.200 2
   41.400   -8.200 0
   41.400   -8.200 0
   41.400   -8.200 0
   41.400   -8.200 0
   41.400   -8.200 1
   41.400   -8.200 2
   41.400   -8.200 0
   41.400   -8.200 2
   41.400   -8.200 0
   41.400   -8.200 0
   41.400   -8.200 0
   41.400   -8.200 0
   41.400   -8.200 0
   41.400   -8.200 0
