   38.000   -7.800 0
   38.000   -7.800 0
   38.000   -7.800 0
   38.000   -7.800 22
   38.000   -7.800 7
   38.000   -7.800 1
   38.000   -7.800 9
   38.000   -7.800 1
   38.000   -7.800 0
   38.000   -7.800 0
   38.000   -7.800 0
   38.000   -7.800 0
   38.000   -7.800 25
   38.000   -7.800 1
   38.000   -7.800 11
   38.000   -7.800 12
   38.000   -7.800 0
   38.000   -7.800 11
   38.000   -7.800 0
   38.000   -7.800 13
   38.000   -7.800 0
   38.000   -7.800 0
   38.000   -7.800 0
   38.000   -7.800 0
   38.000   -7.800 0
   38.000   -7.800 0
   38.000   -7.800 0
   38.000   -7.800 0
   38.000   -7.800 0
   38.000   -7.800 0
   38.000   -7.800 0
