   39.600   -8.800 0
   39.600   -8.800 0
   39.600   -8.800 0
   39.600   -8.800 5
   39.600   -8.800 21
   39.600   -8.800 9
   39.600   -8.800 2
   39.600   -8.800 2
   39.600   -8.800 11
   39.600   -8.800 21
   39.600   -8.800 7
   39.600   -8.800 3
   39.600   -8.800 2
   39.600   -8.800 9
   39.600   -8.800 21
   39.600   -8.800 11
   39.600   -8.800 21
   39.600   -8.800 25
   39.600   -8.800 11
   39.600   -8.800 4
   39.600   -8.800 0
   39.600   -8.800 0
   39.600   -8.800 0
   39.600   -8.800 1
   39.600   -8.800 3
   39.600   -8.800 6
   39.600   -8.800 7
   39.600   -8.800 6
   39.600   -8.800 1
   39.600   -8.800 6
