   41.400   -8.200 10
   41.400   -8.200 21
   41.400   -8.200 22
   41.400   -8.200 2
   41.400   -8.200 6
   41.400   -8.200 12
   41.400   -8.200 1
   41.400   -8.200 0
   41.400   -8.200 0
   41.400   -8.200 2
   41.400   -8.200 12
   41.400   -8.200 19
   41.400   -8.200 3
   41.400   -8.200 3
   41.400   -8.200 3
   41.400   -8.200 5
   41.400   -8.200 13
   41.400   -8.200 4
   41.400   -8.200 1
   41.400   -8.200 0
   41.400   -8.200 1
   41.400   -8.200 2
   41.400   -8.200 0
   41.400   -8.200 0
   41.400   -8.200 0
   41.400   -8.200 6
   41.400   -8.200 9
   41.400   -8.200 0
   41.400   -8.200 0
   41.400   -8.200 0
   41.400   -8.200 1
