   41.600   -8.200 0
   41.600   -8.200 0
   41.600   -8.200 0
   41.600   -8.200 0
   41.600   -8.200 0
   41.600   -8.200 0
   41.600   -8.200 0
   41.600   -8.200 0
   41.600   -8.200 1
   41.600   -8.200 12
   41.600   -8.200 2
   41.600   -8.200 7
   41.600   -8.200 69
   41.600   -8.200 1
   41.600   -8.200 0
   41.600   -8.200 2
   41.600   -8.200 13
   41.600   -8.200 37
   41.600   -8.200 6
   41.600   -8.200 2
   41.600   -8.200 10
   41.600   -8.200 27
   41.600   -8.200 0
   41.600   -8.200 0
   41.600   -8.200 0
   41.600   -8.200 40
   41.600   -8.200 5
   41.600   -8.200 0
   41.600   -8.200 6
   41.600   -8.200 13
   41.600   -8.200 1
