   41.600   -8.200 16
   41.600   -8.200 10
   41.600   -8.200 29
   41.600   -8.200 32
   41.600   -8.200 44
   41.600   -8.200 14
   41.600   -8.200 16
   41.600   -8.200 11
   41.600   -8.200 4
   41.600   -8.200 3
   41.600   -8.200 14
   41.600   -8.200 0
   41.600   -8.200 0
   41.600   -8.200 0
   41.600   -8.200 0
   41.600   -8.200 0
   41.600   -8.200 0
   41.600   -8.200 0
   41.600   -8.200 0
   41.600   -8.200 0
   41.600   -8.200 4
   41.600   -8.200 0
   41.600   -8.200 2
   41.600   -8.200 0
   41.600   -8.200 0
   41.600   -8.200 0
   41.600   -8.200 0
   41.600   -8.200 0
   41.600   -8.200 0
