   41.600   -8.200 0
   41.600   -8.200 1
   41.600   -8.200 0
   41.600   -8.200 2
   41.600   -8.200 2
   41.600   -8.200 0
   41.600   -8.200 1
   41.600   -8.200 0
   41.600   -8.200 0
   41.600   -8.200 2
   41.600   -8.200 22
   41.600   -8.200 67
   41.600   -8.200 15
   41.600   -8.200 2
   41.600   -8.200 7
   41.600   -8.200 17
   41.600   -8.200 39
   41.600   -8.200 33
   41.600   -8.200 0
   41.600   -8.200 0
   41.600   -8.200 11
   41.600   -8.200 5
   41.600   -8.200 0
   41.600   -8.200 5
   41.600   -8.200 3
   41.600   -8.200 0
   41.600   -8.200 0
   41.600   -8.200 3
   41.600   -8.200 3
   41.600   -8.200 20
