   41.800   -8.800 17
   41.800   -8.800 13
   41.800   -8.800 22
   41.800   -8.800 8
   41.800   -8.800 0
   41.800   -8.800 0
   41.800   -8.800 0
   41.800   -8.800 0
   41.800   -8.800 0
   41.800   -8.800 0
   41.800   -8.800 8
   41.800   -8.800 12
   41.800   -8.800 15
   41.800   -8.800 21
   41.800   -8.800 10
   41.800   -8.800 0
   41.800   -8.800 0
   41.800   -8.800 0
   41.800   -8.800 0
   41.800   -8.800 0
   41.800   -8.800 0
   41.800   -8.800 0
   41.800   -8.800 0
   41.800   -8.800 0
   41.800   -8.800 0
   41.800   -8.800 2
   41.800   -8.800 0
   41.800   -8.800 0
   41.800   -8.800 10
   41.800   -8.800 4
   41.800   -8.800 14
