   41.800   -8.800 15
   41.800   -8.800 23
   41.800   -8.800 24
   41.800   -8.800 41
   41.800   -8.800 21
   41.800   -8.800 9
   41.800   -8.800 4
   41.800   -8.800 10
   41.800   -8.800 14
   41.800   -8.800 14
   41.800   -8.800 4
   41.800   -8.800 0
   41.800   -8.800 0
   41.800   -8.800 0
   41.800   -8.800 9
   41.800   -8.800 4
   41.800   -8.800 29
   41.800   -8.800 23
   41.800   -8.800 2
   41.800   -8.800 0
   41.800   -8.800 33
   41.800   -8.800 16
   41.800   -8.800 23
   41.800   -8.800 12
   41.800   -8.800 38
   41.800   -8.800 14
   41.800   -8.800 9
   41.800   -8.800 5
   41.800   -8.800 0
   41.800   -8.800 1
   41.800   -8.800 0
