   41.800   -8.800 21
   41.800   -8.800 0
   41.800   -8.800 12
   41.800   -8.800 5
   41.800   -8.800 3
   41.800   -8.800 15
   41.800   -8.800 11
   41.800   -8.800 0
   41.800   -8.800 0
   41.800   -8.800 0
   41.800   -8.800 13
   41.800   -8.800 1
   41.800   -8.800 28
   41.800   -8.800 3
   41.800   -8.800 2
   41.800   -8.800 30
   41.800   -8.800 8
   41.800   -8.800 25
   41.800   -8.800 20
   41.800   -8.800 148
   41.800   -8.800 5
   41.800   -8.800 3
   41.800   -8.800 0
   41.800   -8.800 1
   41.800   -8.800 0
   41.800   -8.800 2
   41.800   -8.800 2
   41.800   -8.800 0
   41.800   -8.800 0
   41.800   -8.800 0
   41.800   -8.800 0
