   41.400   -8.200 0
   41.400   -8.200 11
   41.400   -8.200 1
   41.400   -8.200 0
   41.400   -8.200 0
   41.400   -8.200 0
   41.400   -8.200 0
   41.400   -8.200 0
   41.400   -8.200 0
   41.400   -8.200 0
   41.400   -8.200 0
   41.400   -8.200 20
   41.400   -8.200 0
   41.400   -8.200 20
   41.400   -8.200 0
   41.400   -8.200 1
   41.400   -8.200 16
   41.400   -8.200 0
   41.400   -8.200 0
   41.400   -8.200 15
   41.400   -8.200 13
   41.400   -8.200 4
   41.400   -8.200 0
   41.400   -8.200 20
   41.400   -8.200 2
   41.400   -8.200 5
   41.400   -8.200 4
   41.400   -8.200 6
   41.400   -8.200 0
