   37.400   -7.800 16
   37.400   -7.800 12
   37.400   -7.800 2
   37.400   -7.800 1
   37.400   -7.800 42
   37.400   -7.800 22
   37.400   -7.800 0
   37.400   -7.800 0
   37.400   -7.800 1
   37.400   -7.800 21
   37.400   -7.800 16
   37.400   -7.800 6
   37.400   -7.800 0
   37.400   -7.800 21
   37.400   -7.800 0
   37.400   -7.800 34
   37.400   -7.800 6
   37.400   -7.800 2
   37.400   -7.800 0
   37.400   -7.800 0
   37.400   -7.800 0
   37.400   -7.800 0
   37.400   -7.800 0
   37.400   -7.800 0
   37.400   -7.800 0
   37.400   -7.800 0
   37.400   -7.800 0
   37.400   -7.800 0
   37.400   -7.800 0
