   37.400   -7.800 0
   37.400   -7.800 0
   37.400   -7.800 0
   37.400   -7.800 0
   37.400   -7.800 0
   37.400   -7.800 11
   37.400   -7.800 1
   37.400   -7.800 0
   37.400   -7.800 0
   37.400   -7.800 0
   37.400   -7.800 0
   37.400   -7.800 0
   37.400   -7.800 0
   37.400   -7.800 0
   37.400   -7.800 0
   37.400   -7.800 4
   37.400   -7.800 18
   37.400   -7.800 18
   37.400   -7.800 19
   37.400   -7.800 10
   37.400   -7.800 6
   37.400   -7.800 0
   37.400   -7.800 1
   37.400   -7.800 6
   37.400   -7.800 2
   37.400   -7.800 0
   37.400   -7.800 0
   37.400   -7.800 0
   37.400   -7.800 0
   37.400   -7.800 0
