   41.200   -7.200 0
   41.200   -7.200 0
   41.200   -7.200 0
   41.200   -7.200 0
   41.200   -7.200 0
   41.200   -7.200 0
   41.200   -7.200 0
   41.200   -7.200 0
   41.200   -7.200 0
   41.200   -7.200 0
   41.200   -7.200 0
   41.200   -7.200 0
   41.200   -7.200 0
   41.200   -7.200 0
   41.200   -7.200 0
   41.200   -7.200 0
   41.200   -7.200 5
   41.200   -7.200 12
   41.200   -7.200 0
   41.200   -7.200 0
   41.200   -7.200 0
   41.200   -7.200 0
   41.200   -7.200 0
   41.200   -7.200 0
   41.200   -7.200 0
   41.200   -7.200 0
   41.200   -7.200 9
   41.200   -7.200 5
   41.200   -7.200 0
   41.200   -7.200 0
