   38.800   -7.200 0
   38.800   -7.200 0
   38.800   -7.200 23
   38.800   -7.200 6
   38.800   -7.200 0
   38.800   -7.200 0
   38.800   -7.200 0
   38.800   -7.200 0
   38.800   -7.200 0
   38.800   -7.200 0
   38.800   -7.200 12
   38.800   -7.200 0
   38.800   -7.200 8
   38.800   -7.200 0
   38.800   -7.200 0
   38.800   -7.200 1
   38.800   -7.200 5
   38.800   -7.200 7
   38.800   -7.200 23
   38.800   -7.200 26
   38.800   -7.200 4
   38.800   -7.200 1
   38.800   -7.200 6
   38.800   -7.200 2
   38.800   -7.200 0
   38.800   -7.200 0
   38.800   -7.200 0
   38.800   -7.200 0
   38.800   -7.200 12
   38.800   -7.200 7
   38.800   -7.200 0
