   38.800   -7.200 0
   38.800   -7.200 0
   38.800   -7.200 3
   38.800   -7.200 0
   38.800   -7.200 0
   38.800   -7.200 0
   38.800   -7.200 0
   38.800   -7.200 0
   38.800   -7.200 0
   38.800   -7.200 0
   38.800   -7.200 6
   38.800   -7.200 3
   38.800   -7.200 3
   38.800   -7.200 7
   38.800   -7.200 10
   38.800   -7.200 13
   38.800   -7.200 3
   38.800   -7.200 7
   38.800   -7.200 14
   38.800   -7.200 3
   38.800   -7.200 0
   38.800   -7.200 0
   38.800   -7.200 3
   38.800   -7.200 0
   38.800   -7.200 0
   38.800   -7.200 0
   38.800   -7.200 0
   38.800   -7.200 0
   38.800   -7.200 0
   38.800   -7.200 0
   38.800   -7.200 0
