   41.800   -8.800 0
   41.800   -8.800 0
   41.800   -8.800 0
   41.800   -8.800 0
   41.800   -8.800 0
   41.800   -8.800 0
   41.800   -8.800 0
   41.800   -8.800 0
   41.800   -8.800 0
   41.800   -8.800 6
   41.800   -8.800 5
   41.800   -8.800 25
   41.800   -8.800 29
   41.800   -8.800 16
   41.800   -8.800 1
   41.800   -8.800 0
   41.800   -8.800 6
   41.800   -8.800 31
   41.800   -8.800 19
   41.800   -8.800 5
   41.800   -8.800 3
   41.800   -8.800 4
   41.800   -8.800 7
   41.800   -8.800 9
   41.800   -8.800 6
   41.800   -8.800 11
   41.800   -8.800 10
   41.800   -8.800 3
   41.800   -8.800 0
   41.800   -8.800 0
