   40.600   -7.800 26
   40.600   -7.800 3
   40.600   -7.800 0
   40.600   -7.800 0
   40.600   -7.800 0
   40.600   -7.800 0
   40.600   -7.800 0
   40.600   -7.800 0
   40.600   -7.800 0
   40.600   -7.800 2
   40.600   -7.800 4
   40.600   -7.800 8
   40.600   -7.800 76
   40.600   -7.800 9
   40.600   -7.800 0
   40.600   -7.800 0
   40.600   -7.800 0
   40.600   -7.800 0
   40.600   -7.800 4
   40.600   -7.800 6
   40.600   -7.800 10
   40.600   -7.800 5
   40.600   -7.800 13
   40.600   -7.800 22
   40.600   -7.800 30
   40.600   -7.800 2
   40.600   -7.800 5
   40.600   -7.800 11
   40.600   -7.800 10
   40.600   -7.800 5
   40.600   -7.800 0
