   38.800   -7.200 0
   38.800   -7.200 0
   38.800   -7.200 0
   38.800   -7.200 0
   38.800   -7.200 0
   38.800   -7.200 0
   38.800   -7.200 0
   38.800   -7.200 0
   38.800   -7.200 0
   38.800   -7.200 8
   38.800   -7.200 12
   38.800   -7.200 17
   38.800   -7.200 8
   38.800   -7.200 0
   38.800   -7.200 0
   38.800   -7.200 0
   38.800   -7.200 0
   38.800   -7.200 0
   38.800   -7.200 2
   38.800   -7.200 0
   38.800   -7.200 0
   38.800   -7.200 0
   38.800   -7.200 7
   38.800   -7.200 0
   38.800   -7.200 0
   38.800   -7.200 0
   38.800   -7.200 0
   38.800   -7.200 0
   38.800   -7.200 0
   38.800   -7.200 0
