   38.800   -7.200 0
   38.800   -7.200 0
   38.800   -7.200 0
   38.800   -7.200 2
   38.800   -7.200 2
   38.800   -7.200 0
   38.800   -7.200 0
   38.800   -7.200 0
   38.800   -7.200 0
   38.800   -7.200 38
   38.800   -7.200 5
   38.800   -7.200 25
   38.800   -7.200 4
   38.800   -7.200 0
   38.800   -7.200 0
   38.800   -7.200 4
   38.800   -7.200 13
   38.800   -7.200 9
   38.800   -7.200 11
   38.800   -7.200 30
   38.800   -7.200 7
   38.800   -7.200 6
   38.800   -7.200 8
   38.800   -7.200 2
   38.800   -7.200 0
   38.800   -7.200 0
   38.800   -7.200 0
   38.800   -7.200 8
   38.800   -7.200 4
   38.800   -7.200 8
