   38.800   -7.200 24
   38.800   -7.200 6
   38.800   -7.200 0
   38.800   -7.200 8
   38.800   -7.200 11
   38.800   -7.200 9
   38.800   -7.200 3
   38.800   -7.200 0
   38.800   -7.200 22
   38.800   -7.200 1
   38.800   -7.200 3
   38.800   -7.200 3
   38.800   -7.200 0
   38.800   -7.200 11
   38.800   -7.200 1
   38.800   -7.200 2
   38.800   -7.200 0
   38.800   -7.200 5
   38.800   -7.200 0
   38.800   -7.200 0
   38.800   -7.200 0
   38.800   -7.200 3
   38.800   -7.200 29
   38.800   -7.200 8
   38.800   -7.200 20
   38.800   -7.200 3
   38.800   -7.200 6
   38.800   -7.200 0
   38.800   -7.200 9
