   41.400   -8.200 13
   41.400   -8.200 19
   41.400   -8.200 4
   41.400   -8.200 9
   41.400   -8.200 7
   41.400   -8.200 13
   41.400   -8.200 1
   41.400   -8.200 14
   41.400   -8.200 13
   41.400   -8.200 0
   41.400   -8.200 1
   41.400   -8.200 10
   41.400   -8.200 100
   41.400   -8.200 57
   41.400   -8.200 10
   41.400   -8.200 0
   41.400   -8.200 19
   41.400   -8.200 23
   41.400   -8.200 16
   41.400   -8.200 3
   41.400   -8.200 3
   41.400   -8.200 3
   41.400   -8.200 0
   41.400   -8.200 0
   41.400   -8.200 27
   41.400   -8.200 1
   41.400   -8.200 0
   41.400   -8.200 19
   41.400   -8.200 27
   41.400   -8.200 10
   41.400   -8.200 0
