   39.800   -7.800 17
   39.800   -7.800 5
   39.800   -7.800 17
   39.800   -7.800 30
   39.800   -7.800 9
   39.800   -7.800 21
   39.800   -7.800 15
   39.800   -7.800 38
   39.800   -7.800 36
   39.800   -7.800 27
   39.800   -7.800 14
   39.800   -7.800 22
   39.800   -7.800 16
   39.800   -7.800 19
   39.800   -7.800 0
   39.800   -7.800 0
   39.800   -7.800 0
   39.800   -7.800 4
   39.800   -7.800 0
   39.800   -7.800 0
   39.800   -7.800 4
   39.800   -7.800 0
   39.800   -7.800 0
   39.800   -7.800 0
   39.800   -7.800 0
   39.800   -7.800 0
   39.800   -7.800 3
   39.800   -7.800 4
   39.800   -7.800 0
