   40.200   -7.800 0
   40.200   -7.800 0
   40.200   -7.800 0
   40.200   -7.800 0
   40.200   -7.800 0
   40.200   -7.800 0
   40.200   -7.800 0
   40.200   -7.800 0
   40.200   -7.800 0
   40.200   -7.800 0
   40.200   -7.800 0
   40.200   -7.800 3
   40.200   -7.800 34
   40.200   -7.800 18
   40.200   -7.800 14
   40.200   -7.800 20
   40.200   -7.800 9
   40.200   -7.800 20
   40.200   -7.800 1
   40.200   -7.800 3
   40.200   -7.800 18
   40.200   -7.800 5
   40.200   -7.800 3
   40.200   -7.800 0
   40.200   -7.800 0
   40.200   -7.800 0
   40.200   -7.800 0
   40.200   -7.800 0
   40.200   -7.800 0
   40.200   -7.800 0
