   40.200   -7.800 15
   40.200   -7.800 10
   40.200   -7.800 6
   40.200   -7.800 1
   40.200   -7.800 8
   40.200   -7.800 15
   40.200   -7.800 0
   40.200   -7.800 0
   40.200   -7.800 0
   40.200   -7.800 22
   40.200   -7.800 16
   40.200   -7.800 35
   40.200   -7.800 7
   40.200   -7.800 21
   40.200   -7.800 22
   40.200   -7.800 1
   40.200   -7.800 0
   40.200   -7.800 1
   40.200   -7.800 0
   40.200   -7.800 0
   40.200   -7.800 0
   40.200   -7.800 0
   40.200   -7.800 0
   40.200   -7.800 0
   40.200   -7.800 0
   40.200   -7.800 0
   40.200   -7.800 0
   40.200   -7.800 0
   40.200   -7.800 0
