   40.200   -7.800 0
   40.200   -7.800 3
   40.200   -7.800 0
   40.200   -7.800 0
   40.200   -7.800 0
   40.200   -7.800 0
   40.200   -7.800 0
   40.200   -7.800 0
   40.200   -7.800 0
   40.200   -7.800 0
   40.200   -7.800 6
   40.200   -7.800 8
   40.200   -7.800 3
   40.200   -7.800 2
   40.200   -7.800 0
   40.200   -7.800 0
   40.200   -7.800 1
   40.200   -7.800 1
   40.200   -7.800 3
   40.200   -7.800 7
   40.200   -7.800 10
   40.200   -7.800 14
   40.200   -7.800 30
   40.200   -7.800 14
   40.200   -7.800 16
   40.200   -7.800 33
   40.200   -7.800 17
   40.200   -7.800 0
   40.200   -7.800 0
   40.200   -7.800 0
