   39.600   -8.800 2
   39.600   -8.800 0
   39.600   -8.800 0
   39.600   -8.800 0
   39.600   -8.800 0
   39.600   -8.800 0
   39.600   -8.800 0
   39.600   -8.800 0
   39.600   -8.800 0
   39.600   -8.800 9
   39.600   -8.800 23
   39.600   -8.800 12
   39.600   -8.800 6
   39.600   -8.800 0
   39.600   -8.800 0
   39.600   -8.800 8
   39.600   -8.800 19
   39.600   -8.800 4
   39.600   -8.800 1
   39.600   -8.800 0
   39.600   -8.800 0
   39.600   -8.800 0
   39.600   -8.800 0
   39.600   -8.800 0
   39.600   -8.800 0
   39.600   -8.800 0
   39.600   -8.800 0
   39.600   -8.800 0
   39.600   -8.800 0
   39.600   -8.800 2
   39.600   -8.800 1
