   40.600   -7.200 8
   40.600   -7.200 0
   40.600   -7.200 0
   40.600   -7.200 0
   40.600   -7.200 0
   40.600   -7.200 0
   40.600   -7.200 6
   40.600   -7.200 0
   40.600   -7.200 6
   40.600   -7.200 18
   40.600   -7.200 20
   40.600   -7.200 32
   40.600   -7.200 10
   40.600   -7.200 12
   40.600   -7.200 19
   40.600   -7.200 6
   40.600   -7.200 37
   40.600   -7.200 42
   40.600   -7.200 45
   40.600   -7.200 30
   40.600   -7.200 8
   40.600   -7.200 0
   40.600   -7.200 1
   40.600   -7.200 1
   40.600   -7.200 8
   40.600   -7.200 1
   40.600   -7.200 11
   40.600   -7.200 0
   40.600   -7.200 0
