   40.600   -7.200 0
   40.600   -7.200 0
   40.600   -7.200 12
   40.600   -7.200 1
   40.600   -7.200 13
   40.600   -7.200 1
   40.600   -7.200 31
   40.600   -7.200 18
   40.600   -7.200 16
   40.600   -7.200 24
   40.600   -7.200 10
   40.600   -7.200 23
   40.600   -7.200 9
   40.600   -7.200 6
   40.600   -7.200 11
   40.600   -7.200 0
   40.600   -7.200 4
   40.600   -7.200 7
   40.600   -7.200 0
   40.600   -7.200 0
   40.600   -7.200 0
   40.600   -7.200 0
   40.600   -7.200 0
   40.600   -7.200 0
   40.600   -7.200 0
   40.600   -7.200 0
   40.600   -7.200 0
   40.600   -7.200 0
   40.600   -7.200 0
   40.600   -7.200 0
