   41.800   -8.000 0
   41.800   -8.000 0
   41.800   -8.000 0
   41.800   -8.000 0
   41.800   -8.000 0
   41.800   -8.000 1
   41.800   -8.000 3
   41.800   -8.000 9
   41.800   -8.000 12
   41.800   -8.000 12
   41.800   -8.000 11
   41.800   -8.000 42
   41.800   -8.000 1
   41.800   -8.000 10
   41.800   -8.000 9
   41.800   -8.000 14
   41.800   -8.000 10
   41.800   -8.000 27
   41.800   -8.000 25
   41.800   -8.000 20
   41.800   -8.000 18
   41.800   -8.000 7
   41.800   -8.000 0
   41.800   -8.000 13
   41.800   -8.000 33
   41.800   -8.000 30
   41.800   -8.000 31
   41.800   -8.000 39
   41.800   -8.000 35
