   41.800   -8.800 0
   41.800   -8.800 0
   41.800   -8.800 0
   41.800   -8.800 3
   41.800   -8.800 1
   41.800   -8.800 33
   41.800   -8.800 52
   41.800   -8.800 76
   41.800   -8.800 13
   41.800   -8.800 14
   41.800   -8.800 11
   41.800   -8.800 4
   41.800   -8.800 14
   41.800   -8.800 45
   41.800   -8.800 13
   41.800   -8.800 15
   41.800   -8.800 0
   41.800   -8.800 0
   41.800   -8.800 0
   41.800   -8.800 0
   41.800   -8.800 0
   41.800   -8.800 0
   41.800   -8.800 0
   41.800   -8.800 0
   41.800   -8.800 4
   41.800   -8.800 9
   41.800   -8.800 13
   41.800   -8.800 15
   41.800   -8.800 5
