   38.800   -9.200 30
   38.800   -9.200 29
   38.800   -9.200 4
   38.800   -9.200 2
   38.800   -9.200 18
   38.800   -9.200 8
   38.800   -9.200 4
   38.800   -9.200 0
   38.800   -9.200 5
   38.800   -9.200 5
   38.800   -9.200 0
   38.800   -9.200 3
   38.800   -9.200 2
   38.800   -9.200 78
   38.800   -9.200 22
   38.800   -9.200 7
   38.800   -9.200 0
   38.800   -9.200 0
   38.800   -9.200 0
   38.800   -9.200 0
   38.800   -9.200 0
   38.800   -9.200 0
   38.800   -9.200 0
   38.800   -9.200 0
   38.800   -9.200 0
   38.800   -9.200 0
   38.800   -9.200 0
   38.800   -9.200 0
   38.800   -9.200 0
