   39.600   -8.800 0
   39.600   -8.800 23
   39.600   -8.800 5
   39.600   -8.800 2
   39.600   -8.800 0
   39.600   -8.800 5
   39.600   -8.800 0
   39.600   -8.800 0
   39.600   -8.800 0
   39.600   -8.800 0
   39.600   -8.800 0
   39.600   -8.800 0
   39.600   -8.800 0
   39.600   -8.800 0
   39.600   -8.800 0
   39.600   -8.800 0
   39.600   -8.800 0
   39.600   -8.800 0
   39.600   -8.800 0
   39.600   -8.800 0
   39.600   -8.800 0
   39.600   -8.800 0
   39.600   -8.800 2
   39.600   -8.800 5
   39.600   -8.800 11
   39.600   -8.800 31
   39.600   -8.800 36
   39.600   -8.800 0
   39.600   -8.800 12
   39.600   -8.800 9
   39.600   -8.800 14
