   39.800   -7.800 5
   39.800   -7.800 4
   39.800   -7.800 6
   39.800   -7.800 18
   39.800   -7.800 7
   39.800   -7.800 7
   39.800   -7.800 0
   39.800   -7.800 0
   39.800   -7.800 0
   39.800   -7.800 0
   39.800   -7.800 0
   39.800   -7.800 0
   39.800   -7.800 0
   39.800   -7.800 0
   39.800   -7.800 15
   39.800   -7.800 14
   39.800   -7.800 4
   39.800   -7.800 12
   39.800   -7.800 28
   39.800   -7.800 12
   39.800   -7.800 12
   39.800   -7.800 11
   39.800   -7.800 2
   39.800   -7.800 0
   39.800   -7.800 0
   39.800   -7.800 0
   39.800   -7.800 0
   39.800   -7.800 0
   39.800   -7.800 0
   39.800   -7.800 0
