   38.200   -8.600 20
   38.200   -8.600 39
   38.200   -8.600 8
   38.200   -8.600 13
   38.200   -8.600 0
   38.200   -8.600 2
   38.200   -8.600 0
   38.200   -8.600 0
   38.200   -8.600 0
   38.200   -8.600 0
   38.200   -8.600 2
   38.200   -8.600 25
   38.200   -8.600 12
   38.200   -8.600 16
   38.200   -8.600 11
   38.200   -8.600 20
   38.200   -8.600 35
   38.200   -8.600 13
   38.200   -8.600 12
   38.200   -8.600 22
   38.200   -8.600 3
   38.200   -8.600 0
   38.200   -8.600 15
   38.200   -8.600 0
   38.200   -8.600 0
   38.200   -8.600 0
   38.200   -8.600 0
   38.200   -8.600 0
   38.200   -8.600 0
