   40.600   -7.800 0
   40.600   -7.800 0
   40.600   -7.800 0
   40.600   -7.800 0
   40.600   -7.800 0
   40.600   -7.800 0
   40.600   -7.800 0
   40.600   -7.800 0
   40.600   -7.800 0
   40.600   -7.800 0
   40.600   -7.800 0
   40.600   -7.800 13
   40.600   -7.800 2
   40.600   -7.800 0
   40.600   -7.800 37
   40.600   -7.800 17
   40.600   -7.800 11
   40.600   -7.800 25
   40.600   -7.800 5
   40.600   -7.800 0
   40.600   -7.800 14
   40.600   -7.800 36
   40.600   -7.800 50
   40.600   -7.800 17
   40.600   -7.800 25
   40.600   -7.800 14
   40.600   -7.800 20
   40.600   -7.800 4
   40.600   -7.800 0
