   37.400   -7.800 0
   37.400   -7.800 0
   37.400   -7.800 0
   37.400   -7.800 0
   37.400   -7.800 0
   37.400   -7.800 0
   37.400   -7.800 0
   37.400   -7.800 0
   37.400   -7.800 41
   37.400   -7.800 43
   37.400   -7.800 1
   37.400   -7.800 0
   37.400   -7.800 2
   37.400   -7.800 0
   37.400   -7.800 2
   37.400   -7.800 25
   37.400   -7.800 0
   37.400   -7.800 0
   37.400   -7.800 0
   37.400   -7.800 0
   37.400   -7.800 41
   37.400   -7.800 0
   37.400   -7.800 1
   37.400   -7.800 0
   37.400   -7.800 0
   37.400   -7.800 0
   37.400   -7.800 0
   37.400   -7.800 0
   37.400   -7.800 0
