   39.600   -8.800 0
   39.600   -8.800 2
   39.600   -8.800 13
   39.600   -8.800 0
   39.600   -8.800 0
   39.600   -8.800 0
   39.600   -8.800 0
   39.600   -8.800 0
   39.600   -8.800 11
   39.600   -8.800 15
   39.600   -8.800 10
   39.600   -8.800 1
   39.600   -8.800 0
   39.600   -8.800 0
   39.600   -8.800 18
   39.600   -8.800 2
   39.600   -8.800 0
   39.600   -8.800 8
   39.600   -8.800 0
   39.600   -8.800 2
   39.600   -8.800 1
   39.600   -8.800 0
   39.600   -8.800 0
   39.600   -8.800 0
   39.600   -8.800 0
   39.600   -8.800 0
   39.600   -8.800 0
   39.600   -8.800 0
   39.600   -8.800 0
   39.600   -8.800 0
   39.600   -8.800 0
