   41.800   -8.800 0
   41.800   -8.800 0
   41.800   -8.800 0
   41.800   -8.800 0
   41.800   -8.800 0
   41.800   -8.800 0
   41.800   -8.800 2
   41.800   -8.800 1
   41.800   -8.800 0
   41.800   -8.800 0
   41.800   -8.800 0
   41.800   -8.800 0
   41.800   -8.800 5
   41.800   -8.800 1
   41.800   -8.800 0
   41.800   -8.800 0
   41.800   -8.800 0
   41.800   -8.800 9
   41.800   -8.800 26
   41.800   -8.800 14
   41.800   -8.800 11
   41.800   -8.800 0
   41.800   -8.800 0
   41.800   -8.800 5
   41.800   -8.800 9
   41.800   -8.800 3
   41.800   -8.800 0
   41.800   -8.800 0
   41.800   -8.800 0
   41.800   -8.800 0
   41.800   -8.800 2
