   41.800   -8.800 0
   41.800   -8.800 2
   41.800   -8.800 52
   41.800   -8.800 36
   41.800   -8.800 8
   41.800   -8.800 1
   41.800   -8.800 34
   41.800   -8.800 25
   41.800   -8.800 29
   41.800   -8.800 36
   41.800   -8.800 43
   41.800   -8.800 15
   41.800   -8.800 19
   41.800   -8.800 15
   41.800   -8.800 4
   41.800   -8.800 5
   41.800   -8.800 43
   41.800   -8.800 9
   41.800   -8.800 32
   41.800   -8.800 0
   41.800   -8.800 13
   41.800   -8.800 20
   41.800   -8.800 0
   41.800   -8.800 61
   41.800   -8.800 9
   41.800   -8.800 0
   41.800   -8.800 15
   41.800   -8.800 13
   41.800   -8.800 8
   41.800   -8.800 0
   41.800   -8.800 16
