   40.600   -7.200 18
   40.600   -7.200 1
   40.600   -7.200 0
   40.600   -7.200 0
   40.600   -7.200 0
   40.600   -7.200 0
   40.600   -7.200 0
   40.600   -7.200 0
   40.600   -7.200 0
   40.600   -7.200 2
   40.600   -7.200 2
   40.600   -7.200 7
   40.600   -7.200 30
   40.600   -7.200 10
   40.600   -7.200 0
   40.600   -7.200 0
   40.600   -7.200 0
   40.600   -7.200 0
   40.600   -7.200 10
   40.600   -7.200 8
   40.600   -7.200 1
   40.600   -7.200 4
   40.600   -7.200 8
   40.600   -7.200 12
   40.600   -7.200 28
   40.600   -7.200 1
   40.600   -7.200 4
   40.600   -7.200 4
   40.600   -7.200 10
   40.600   -7.200 2
   40.600   -7.200 0
