   40.600   -7.200 0
   40.600   -7.200 2
   40.600   -7.200 0
   40.600   -7.200 9
   40.600   -7.200 0
   40.600   -7.200 0
   40.600   -7.200 0
   40.600   -7.200 0
   40.600   -7.200 0
   40.600   -7.200 0
   40.600   -7.200 0
   40.600   -7.200 0
   40.600   -7.200 0
   40.600   -7.200 0
   40.600   -7.200 0
   40.600   -7.200 2
   40.600   -7.200 28
   40.600   -7.200 16
   40.600   -7.200 3
   40.600   -7.200 0
   40.600   -7.200 0
   40.600   -7.200 0
   40.600   -7.200 0
   40.600   -7.200 0
   40.600   -7.200 3
   40.600   -7.200 0
   40.600   -7.200 0
   40.600   -7.200 2
   40.600   -7.200 0
   40.600   -7.200 5
