   40.600   -7.200 0
   40.600   -7.200 0
   40.600   -7.200 0
   40.600   -7.200 0
   40.600   -7.200 0
   40.600   -7.200 0
   40.600   -7.200 0
   40.600   -7.200 4
   40.600   -7.200 25
   40.600   -7.200 12
   40.600   -7.200 0
   40.600   -7.200 0
   40.600   -7.200 4
   40.600   -7.200 10
   40.600   -7.200 3
   40.600   -7.200 7
   40.600   -7.200 0
   40.600   -7.200 0
   40.600   -7.200 0
   40.600   -7.200 4
   40.600   -7.200 0
   40.600   -7.200 0
   40.600   -7.200 10
   40.600   -7.200 0
   40.600   -7.200 6
   40.600   -7.200 1
   40.600   -7.200 3
   40.600   -7.200 14
   40.600   -7.200 0
   40.600   -7.200 0
