   41.800   -8.800 14
   41.800   -8.800 14
   41.800   -8.800 24
   41.800   -8.800 23
   41.800   -8.800 9
   41.800   -8.800 6
   41.800   -8.800 13
   41.800   -8.800 24
   41.800   -8.800 26
   41.800   -8.800 21
   41.800   -8.800 10
   41.800   -8.800 8
   41.800   -8.800 24
   41.800   -8.800 7
   41.800   -8.800 13
   41.800   -8.800 44
   41.800   -8.800 22
   41.800   -8.800 29
   41.800   -8.800 6
   41.800   -8.800 3
   41.800   -8.800 0
   41.800   -8.800 9
   41.800   -8.800 8
   41.800   -8.800 11
   41.800   -8.800 3
   41.800   -8.800 3
   41.800   -8.800 3
   41.800   -8.800 0
   41.800   -8.800 24
   41.800   -8.800 17
