   40.600   -8.600 0
   40.600   -8.600 2
   40.600   -8.600 9
   40.600   -8.600 1
   40.600   -8.600 0
   40.600   -8.600 1
   40.600   -8.600 21
   40.600   -8.600 0
   40.600   -8.600 0
   40.600   -8.600 0
   40.600   -8.600 0
   40.600   -8.600 14
   40.600   -8.600 29
   40.600   -8.600 12
   40.600   -8.600 26
   40.600   -8.600 15
   40.600   -8.600 10
   40.600   -8.600 1
   40.600   -8.600 5
   40.600   -8.600 15
   40.600   -8.600 1
   40.600   -8.600 7
   40.600   -8.600 34
   40.600   -8.600 5
   40.600   -8.600 1
   40.600   -8.600 18
   40.600   -8.600 4
   40.600   -8.600 0
   40.600   -8.600 3
