   41.800   -8.800 0
   41.800   -8.800 3
   41.800   -8.800 2
   41.800   -8.800 1
   41.800   -8.800 0
   41.800   -8.800 0
   41.800   -8.800 0
   41.800   -8.800 0
   41.800   -8.800 1
   41.800   -8.800 8
   41.800   -8.800 4
   41.800   -8.800 16
   41.800   -8.800 3
   41.800   -8.800 0
   41.800   -8.800 11
   41.800   -8.800 0
   41.800   -8.800 4
   41.800   -8.800 3
   41.800   -8.800 1
   41.800   -8.800 9
   41.800   -8.800 0
   41.800   -8.800 20
   41.800   -8.800 17
   41.800   -8.800 22
   41.800   -8.800 9
   41.800   -8.800 2
   41.800   -8.800 4
   41.800   -8.800 6
   41.800   -8.800 2
   41.800   -8.800 0
   41.800   -8.800 0
