   41.800   -8.800 0
   41.800   -8.800 0
   41.800   -8.800 0
   41.800   -8.800 0
   41.800   -8.800 0
   41.800   -8.800 0
   41.800   -8.800 0
   41.800   -8.800 0
   41.800   -8.800 0
   41.800   -8.800 0
   41.800   -8.800 0
   41.800   -8.800 0
   41.800   -8.800 0
   41.800   -8.800 0
   41.800   -8.800 0
   41.800   -8.800 0
   41.800   -8.800 0
   41.800   -8.800 0
   41.800   -8.800 4
   41.800   -8.800 6
   41.800   -8.800 6
   41.800   -8.800 3
   41.800   -8.800 3
   41.800   -8.800 51
   41.800   -8.800 45
   41.800   -8.800 19
   41.800   -8.800 24
   41.800   -8.800 36
   41.800   -8.800 23
   41.800   -8.800 14
