   41.800   -8.800 23
   41.800   -8.800 18
   41.800   -8.800 3
   41.800   -8.800 0
   41.800   -8.800 0
   41.800   -8.800 0
   41.800   -8.800 0
   41.800   -8.800 0
   41.800   -8.800 0
   41.800   -8.800 0
   41.800   -8.800 1
   41.800   -8.800 24
   41.800   -8.800 29
   41.800   -8.800 19
   41.800   -8.800 2
   41.800   -8.800 5
   41.800   -8.800 5
   41.800   -8.800 2
   41.800   -8.800 15
   41.800   -8.800 2
   41.800   -8.800 0
   41.800   -8.800 0
   41.800   -8.800 0
   41.800   -8.800 2
   41.800   -8.800 4
   41.800   -8.800 7
   41.800   -8.800 18
   41.800   -8.800 17
   41.800   -8.800 10
   41.800   -8.800 3
