   40.600   -7.800 3
   40.600   -7.800 4
   40.600   -7.800 20
   40.600   -7.800 21
   40.600   -7.800 13
   40.600   -7.800 13
   40.600   -7.800 22
   40.600   -7.800 17
   40.600   -7.800 17
   40.600   -7.800 16
   40.600   -7.800 20
   40.600   -7.800 8
   40.600   -7.800 1
   40.600   -7.800 17
   40.600   -7.800 12
   40.600   -7.800 0
   40.600   -7.800 0
   40.600   -7.800 1
   40.600   -7.800 0
   40.600   -7.800 0
   40.600   -7.800 0
   40.600   -7.800 0
   40.600   -7.800 0
   40.600   -7.800 0
   40.600   -7.800 0
   40.600   -7.800 0
   40.600   -7.800 0
   40.600   -7.800 1
   40.600   -7.800 1
   40.600   -7.800 4
   40.600   -7.800 16
