   40.600   -7.800 19
   40.600   -7.800 8
   40.600   -7.800 5
   40.600   -7.800 22
   40.600   -7.800 0
   40.600   -7.800 9
   40.600   -7.800 0
   40.600   -7.800 0
   40.600   -7.800 0
   40.600   -7.800 0
   40.600   -7.800 0
   40.600   -7.800 0
   40.600   -7.800 0
   40.600   -7.800 0
   40.600   -7.800 0
   40.600   -7.800 0
   40.600   -7.800 0
   40.600   -7.800 8
   40.600   -7.800 1
   40.600   -7.800 1
   40.600   -7.800 0
   40.600   -7.800 0
   40.600   -7.800 0
   40.600   -7.800 0
   40.600   -7.800 0
   40.600   -7.800 1
   40.600   -7.800 20
   40.600   -7.800 14
   40.600   -7.800 3
   40.600   -7.800 0
