   38.600   -7.400 5
   38.600   -7.400 0
   38.600   -7.400 10
   38.600   -7.400 3
   38.600   -7.400 0
   38.600   -7.400 0
   38.600   -7.400 0
   38.600   -7.400 0
   38.600   -7.400 0
   38.600   -7.400 0
   38.600   -7.400 0
   38.600   -7.400 0
   38.600   -7.400 0
   38.600   -7.400 1
   38.600   -7.400 1
   38.600   -7.400 0
   38.600   -7.400 0
   38.600   -7.400 0
   38.600   -7.400 0
   38.600   -7.400 0
   38.600   -7.400 11
   38.600   -7.400 3
   38.600   -7.400 0
   38.600   -7.400 3
   38.600   -7.400 17
   38.600   -7.400 3
   38.600   -7.400 12
   38.600   -7.400 30
   38.600   -7.400 12
