   38.600   -7.400 0
   38.600   -7.400 0
   38.600   -7.400 2
   38.600   -7.400 0
   38.600   -7.400 0
   38.600   -7.400 0
   38.600   -7.400 19
   38.600   -7.400 5
   38.600   -7.400 7
   38.600   -7.400 10
   38.600   -7.400 5
   38.600   -7.400 30
   38.600   -7.400 29
   38.600   -7.400 9
   38.600   -7.400 3
   38.600   -7.400 0
   38.600   -7.400 0
   38.600   -7.400 0
   38.600   -7.400 0
   38.600   -7.400 0
   38.600   -7.400 0
   38.600   -7.400 0
   38.600   -7.400 0
   38.600   -7.400 0
   38.600   -7.400 0
   38.600   -7.400 0
   38.600   -7.400 0
   38.600   -7.400 0
   38.600   -7.400 0
   38.600   -7.400 0
