   40.200   -7.800 2
   40.200   -7.800 0
   40.200   -7.800 15
   40.200   -7.800 11
   40.200   -7.800 13
   40.200   -7.800 8
   40.200   -7.800 56
   40.200   -7.800 17
   40.200   -7.800 25
   40.200   -7.800 15
   40.200   -7.800 28
   40.200   -7.800 20
   40.200   -7.800 6
   40.200   -7.800 49
   40.200   -7.800 11
   40.200   -7.800 0
   40.200   -7.800 0
   40.200   -7.800 0
   40.200   -7.800 0
   40.200   -7.800 0
   40.200   -7.800 0
   40.200   -7.800 0
   40.200   -7.800 0
   40.200   -7.800 0
   40.200   -7.800 0
   40.200   -7.800 5
   40.200   -7.800 6
   40.200   -7.800 7
   40.200   -7.800 10
   40.200   -7.800 21
   40.200   -7.800 26
