   38.600   -7.400 12
   38.600   -7.400 34
   38.600   -7.400 14
   38.600   -7.400 4
   38.600   -7.400 0
   38.600   -7.400 0
   38.600   -7.400 1
   38.600   -7.400 0
   38.600   -7.400 0
   38.600   -7.400 1
   38.600   -7.400 16
   38.600   -7.400 53
   38.600   -7.400 14
   38.600   -7.400 19
   38.600   -7.400 12
   38.600   -7.400 13
   38.600   -7.400 52
   38.600   -7.400 24
   38.600   -7.400 19
   38.600   -7.400 30
   38.600   -7.400 0
   38.600   -7.400 0
   38.600   -7.400 3
   38.600   -7.400 0
   38.600   -7.400 0
   38.600   -7.400 0
   38.600   -7.400 0
   38.600   -7.400 0
   38.600   -7.400 0
