   39.800   -7.800 0
   39.800   -7.800 0
   39.800   -7.800 0
   39.800   -7.800 0
   39.800   -7.800 0
   39.800   -7.800 0
   39.800   -7.800 0
   39.800   -7.800 6
   39.800   -7.800 4
   39.800   -7.800 0
   39.800   -7.800 0
   39.800   -7.800 0
   39.800   -7.800 0
   39.800   -7.800 15
   39.800   -7.800 25
   39.800   -7.800 14
   39.800   -7.800 4
   39.800   -7.800 21
   39.800   -7.800 19
   39.800   -7.800 10
   39.800   -7.800 2
   39.800   -7.800 16
   39.800   -7.800 27
   39.800   -7.800 37
   39.800   -7.800 16
   39.800   -7.800 21
   39.800   -7.800 10
   39.800   -7.800 25
   39.800   -7.800 37
