   40.600   -8.600 37
   40.600   -8.600 35
   40.600   -8.600 32
   40.600   -8.600 21
   40.600   -8.600 4
   40.600   -8.600 6
   40.600   -8.600 8
   40.600   -8.600 14
   40.600   -8.600 13
   40.600   -8.600 34
   40.600   -8.600 35
   40.600   -8.600 24
   40.600   -8.600 33
   40.600   -8.600 4
   40.600   -8.600 0
   40.600   -8.600 1
   40.600   -8.600 0
   40.600   -8.600 1
   40.600   -8.600 1
   40.600   -8.600 0
   40.600   -8.600 0
   40.600   -8.600 5
   40.600   -8.600 13
   40.600   -8.600 11
   40.600   -8.600 4
   40.600   -8.600 1
   40.600   -8.600 3
   40.600   -8.600 1
   40.600   -8.600 29
   40.600   -8.600 14
