   41.400   -8.200 39
   41.400   -8.200 33
   41.400   -8.200 1
   41.400   -8.200 0
   41.400   -8.200 38
   41.400   -8.200 14
   41.400   -8.200 18
   41.400   -8.200 7
   41.400   -8.200 5
   41.400   -8.200 15
   41.400   -8.200 4
   41.400   -8.200 0
   41.400   -8.200 0
   41.400   -8.200 0
   41.400   -8.200 0
   41.400   -8.200 0
   41.400   -8.200 1
   41.400   -8.200 0
   41.400   -8.200 0
   41.400   -8.200 5
   41.400   -8.200 1
   41.400   -8.200 0
   41.400   -8.200 0
   41.400   -8.200 0
   41.400   -8.200 7
   41.400   -8.200 17
   41.400   -8.200 19
   41.400   -8.200 85
   41.400   -8.200 118
   41.400   -8.200 134
   41.400   -8.200 5
