   41.800   -8.000 0
   41.800   -8.000 3
   41.800   -8.000 2
   41.800   -8.000 0
   41.800   -8.000 0
   41.800   -8.000 0
   41.800   -8.000 2
   41.800   -8.000 0
   41.800   -8.000 0
   41.800   -8.000 0
   41.800   -8.000 0
   41.800   -8.000 0
   41.800   -8.000 0
   41.800   -8.000 0
   41.800   -8.000 2
   41.800   -8.000 0
   41.800   -8.000 0
   41.800   -8.000 0
   41.800   -8.000 0
   41.800   -8.000 23
   41.800   -8.000 18
   41.800   -8.000 37
   41.800   -8.000 35
   41.800   -8.000 20
   41.800   -8.000 26
   41.800   -8.000 17
   41.800   -8.000 10
   41.800   -8.000 14
   41.800   -8.000 22
