   39.600   -8.800 11
   39.600   -8.800 0
   39.600   -8.800 2
   39.600   -8.800 1
   39.600   -8.800 7
   39.600   -8.800 7
   39.600   -8.800 15
   39.600   -8.800 18
   39.600   -8.800 13
   39.600   -8.800 30
   39.600   -8.800 42
   39.600   -8.800 1
   39.600   -8.800 0
   39.600   -8.800 0
   39.600   -8.800 0
   39.600   -8.800 0
   39.600   -8.800 0
   39.600   -8.800 0
   39.600   -8.800 0
   39.600   -8.800 0
   39.600   -8.800 0
   39.600   -8.800 0
   39.600   -8.800 0
   39.600   -8.800 0
   39.600   -8.800 0
   39.600   -8.800 0
   39.600   -8.800 0
   39.600   -8.800 0
   39.600   -8.800 0
   39.600   -8.800 3
