   41.200   -7.200 0
   41.200   -7.200 2
   41.200   -7.200 7
   41.200   -7.200 4
   41.200   -7.200 45
   41.200   -7.200 2
   41.200   -7.200 0
   41.200   -7.200 4
   41.200   -7.200 20
   41.200   -7.200 4
   41.200   -7.200 0
   41.200   -7.200 0
   41.200   -7.200 0
   41.200   -7.200 2
   41.200   -7.200 1
   41.200   -7.200 0
   41.200   -7.200 0
   41.200   -7.200 0
   41.200   -7.200 0
   41.200   -7.200 0
   41.200   -7.200 0
   41.200   -7.200 0
   41.200   -7.200 0
   41.200   -7.200 0
   41.200   -7.200 0
   41.200   -7.200 0
   41.200   -7.200 0
   41.200   -7.200 0
   41.200   -7.200 0
   41.200   -7.200 0
   41.200   -7.200 0
