   39.600   -8.800 0
   39.600   -8.800 10
   39.600   -8.800 6
   39.600   -8.800 0
   39.600   -8.800 0
   39.600   -8.800 0
   39.600   -8.800 0
   39.600   -8.800 0
   39.600   -8.800 0
   39.600   -8.800 0
   39.600   -8.800 0
   39.600   -8.800 0
   39.600   -8.800 0
   39.600   -8.800 0
   39.600   -8.800 0
   39.600   -8.800 0
   39.600   -8.800 6
   39.600   -8.800 8
   39.600   -8.800 9
   39.600   -8.800 5
   39.600   -8.800 0
   39.600   -8.800 0
   39.600   -8.800 6
   39.600   -8.800 0
   39.600   -8.800 0
   39.600   -8.800 0
   39.600   -8.800 0
   39.600   -8.800 0
   39.600   -8.800 4
   39.600   -8.800 0
   39.600   -8.800 0
