   38.600   -7.400 0
   38.600   -7.400 0
   38.600   -7.400 0
   38.600   -7.400 0
   38.600   -7.400 0
   38.600   -7.400 0
   38.600   -7.400 0
   38.600   -7.400 0
   38.600   -7.400 0
   38.600   -7.400 0
   38.600   -7.400 0
   38.600   -7.400 0
   38.600   -7.400 0
   38.600   -7.400 0
   38.600   -7.400 0
   38.600   -7.400 0
   38.600   -7.400 0
   38.600   -7.400 0
   38.600   -7.400 0
   38.600   -7.400 0
   38.600   -7.400 0
   38.600   -7.400 0
   38.600   -7.400 0
   38.600   -7.400 0
   38.600   -7.400 0
   38.600   -7.400 0
   38.600   -7.400 0
   38.600   -7.400 4
   38.600   -7.400 13
   38.600   -7.400 8
   38.600   -7.400 4
