   38.800   -9.200 0
   38.800   -9.200 0
   38.800   -9.200 4
   38.800   -9.200 1
   38.800   -9.200 2
   38.800   -9.200 2
   38.800   -9.200 30
   38.800   -9.200 6
   38.800   -9.200 31
   38.800   -9.200 10
   38.800   -9.200 47
   38.800   -9.200 3
   38.800   -9.200 0
   38.800   -9.200 45
   38.800   -9.200 2
   38.800   -9.200 0
   38.800   -9.200 0
   38.800   -9.200 0
   38.800   -9.200 0
   38.800   -9.200 0
   38.800   -9.200 0
   38.800   -9.200 0
   38.800   -9.200 0
   38.800   -9.200 0
   38.800   -9.200 0
   38.800   -9.200 0
   38.800   -9.200 0
   38.800   -9.200 22
   38.800   -9.200 14
   38.800   -9.200 70
   38.800   -9.200 10
