   38.800   -9.200 0
   38.800   -9.200 0
   38.800   -9.200 0
   38.800   -9.200 0
   38.800   -9.200 0
   38.800   -9.200 0
   38.800   -9.200 0
   38.800   -9.200 0
   38.800   -9.200 0
   38.800   -9.200 0
   38.800   -9.200 0
   38.800   -9.200 0
   38.800   -9.200 0
   38.800   -9.200 0
   38.800   -9.200 0
   38.800   -9.200 0
   38.800   -9.200 0
   38.800   -9.200 0
   38.800   -9.200 0
   38.800   -9.200 0
   38.800   -9.200 0
   38.800   -9.200 0
   38.800   -9.200 0
   38.800   -9.200 0
   38.800   -9.200 3
   38.800   -9.200 0
   38.800   -9.200 0
   38.800   -9.200 0
   38.800   -9.200 0
   38.800   -9.200 0
   38.800   -9.200 0
