   40.600   -7.200 10
   40.600   -7.200 5
   40.600   -7.200 6
   40.600   -7.200 22
   40.600   -7.200 10
   40.600   -7.200 23
   40.600   -7.200 6
   40.600   -7.200 43
   40.600   -7.200 27
   40.600   -7.200 18
   40.600   -7.200 4
   40.600   -7.200 19
   40.600   -7.200 20
   40.600   -7.200 18
   40.600   -7.200 1
   40.600   -7.200 0
   40.600   -7.200 0
   40.600   -7.200 1
   40.600   -7.200 0
   40.600   -7.200 0
   40.600   -7.200 0
   40.600   -7.200 0
   40.600   -7.200 0
   40.600   -7.200 0
   40.600   -7.200 0
   40.600   -7.200 0
   40.600   -7.200 0
   40.600   -7.200 0
   40.600   -7.200 0
