   41.600   -8.200 6
   41.600   -8.200 63
   41.600   -8.200 12
   41.600   -8.200 8
   41.600   -8.200 4
   41.600   -8.200 20
   41.600   -8.200 8
   41.600   -8.200 6
   41.600   -8.200 2
   41.600   -8.200 0
   41.600   -8.200 2
   41.600   -8.200 0
   41.600   -8.200 7
   41.600   -8.200 8
   41.600   -8.200 2
   41.600   -8.200 0
   41.600   -8.200 6
   41.600   -8.200 1
   41.600   -8.200 21
   41.600   -8.200 16
   41.600   -8.200 5
   41.600   -8.200 19
   41.600   -8.200 11
   41.600   -8.200 6
   41.600   -8.200 8
   41.600   -8.200 13
   41.600   -8.200 25
   41.600   -8.200 0
   41.600   -8.200 0
