   41.600   -8.200 0
   41.600   -8.200 0
   41.600   -8.200 0
   41.600   -8.200 0
   41.600   -8.200 0
   41.600   -8.200 0
   41.600   -8.200 9
   41.600   -8.200 2
   41.600   -8.200 11
   41.600   -8.200 19
   41.600   -8.200 31
   41.600   -8.200 23
   41.600   -8.200 25
   41.600   -8.200 15
   41.600   -8.200 28
   41.600   -8.200 29
   41.600   -8.200 30
   41.600   -8.200 20
   41.600   -8.200 71
   41.600   -8.200 5
   41.600   -8.200 22
   41.600   -8.200 23
   41.600   -8.200 1
   41.600   -8.200 5
   41.600   -8.200 0
   41.600   -8.200 0
   41.600   -8.200 0
   41.600   -8.200 0
   41.600   -8.200 0
   41.600   -8.200 0
   41.600   -8.200 4
