   40.200   -7.800 7
   40.200   -7.800 0
   40.200   -7.800 18
   40.200   -7.800 29
   40.200   -7.800 25
   40.200   -7.800 19
   40.200   -7.800 5
   40.200   -7.800 4
   40.200   -7.800 3
   40.200   -7.800 7
   40.200   -7.800 4
   40.200   -7.800 0
   40.200   -7.800 0
   40.200   -7.800 0
   40.200   -7.800 0
   40.200   -7.800 0
   40.200   -7.800 0
   40.200   -7.800 0
   40.200   -7.800 0
   40.200   -7.800 0
   40.200   -7.800 0
   40.200   -7.800 0
   40.200   -7.800 0
   40.200   -7.800 0
   40.200   -7.800 1
   40.200   -7.800 4
   40.200   -7.800 0
   40.200   -7.800 1
   40.200   -7.800 0
   40.200   -7.800 0
   40.200   -7.800 0
