   41.400   -8.200 10
   41.400   -8.200 12
   41.400   -8.200 0
   41.400   -8.200 0
   41.400   -8.200 0
   41.400   -8.200 0
   41.400   -8.200 0
   41.400   -8.200 0
   41.400   -8.200 0
   41.400   -8.200 0
   41.400   -8.200 5
   41.400   -8.200 14
   41.400   -8.200 39
   41.400   -8.200 6
   41.400   -8.200 19
   41.400   -8.200 19
   41.400   -8.200 10
   41.400   -8.200 0
   41.400   -8.200 16
   41.400   -8.200 12
   41.400   -8.200 38
   41.400   -8.200 11
   41.400   -8.200 9
   41.400   -8.200 15
   41.400   -8.200 2
   41.400   -8.200 14
   41.400   -8.200 27
   41.400   -8.200 24
   41.400   -8.200 21
   41.400   -8.200 0
   41.400   -8.200 0
