   38.200   -8.600 0
   38.200   -8.600 0
   38.200   -8.600 0
   38.200   -8.600 0
   38.200   -8.600 0
   38.200   -8.600 0
   38.200   -8.600 0
   38.200   -8.600 6
   38.200   -8.600 11
   38.200   -8.600 2
   38.200   -8.600 0
   38.200   -8.600 0
   38.200   -8.600 0
   38.200   -8.600 2
   38.200   -8.600 6
   38.200   -8.600 6
   38.200   -8.600 8
   38.200   -8.600 9
   38.200   -8.600 6
   38.200   -8.600 10
   38.200   -8.600 8
   38.200   -8.600 10
   38.200   -8.600 20
   38.200   -8.600 17
   38.200   -8.600 24
   38.200   -8.600 33
   38.200   -8.600 8
   38.200   -8.600 7
   38.200   -8.600 13
