   41.400   -8.200 0
   41.400   -8.200 0
   41.400   -8.200 0
   41.400   -8.200 0
   41.400   -8.200 0
   41.400   -8.200 0
   41.400   -8.200 0
   41.400   -8.200 0
   41.400   -8.200 0
   41.400   -8.200 0
   41.400   -8.200 0
   41.400   -8.200 1
   41.400   -8.200 5
   41.400   -8.200 11
   41.400   -8.200 5
   41.400   -8.200 0
   41.400   -8.200 0
   41.400   -8.200 13
   41.400   -8.200 29
   41.400   -8.200 27
   41.400   -8.200 11
   41.400   -8.200 5
   41.400   -8.200 10
   41.400   -8.200 17
   41.400   -8.200 10
   41.400   -8.200 1
   41.400   -8.200 1
   41.400   -8.200 3
   41.400   -8.200 4
   41.400   -8.200 0
