   38.800   -7.200 0
   38.800   -7.200 0
   38.800   -7.200 0
   38.800   -7.200 0
   38.800   -7.200 0
   38.800   -7.200 0
   38.800   -7.200 0
   38.800   -7.200 0
   38.800   -7.200 0
   38.800   -7.200 0
   38.800   -7.200 0
   38.800   -7.200 0
   38.800   -7.200 0
   38.800   -7.200 0
   38.800   -7.200 0
   38.800   -7.200 0
   38.800   -7.200 0
   38.800   -7.200 0
   38.800   -7.200 0
   38.800   -7.200 0
   38.800   -7.200 0
   38.800   -7.200 0
   38.800   -7.200 0
   38.800   -7.200 0
   38.800   -7.200 0
   38.800   -7.200 0
   38.800   -7.200 0
   38.800   -7.200 0
   38.800   -7.200 0
   38.800   -7.200 3
