   40.200   -7.800 28
   40.200   -7.800 4
   40.200   -7.800 0
   40.200   -7.800 0
   40.200   -7.800 0
   40.200   -7.800 0
   40.200   -7.800 0
   40.200   -7.800 0
   40.200   -7.800 0
   40.200   -7.800 0
   40.200   -7.800 0
   40.200   -7.800 0
   40.200   -7.800 0
   40.200   -7.800 0
   40.200   -7.800 0
   40.200   -7.800 0
   40.200   -7.800 0
   40.200   -7.800 0
   40.200   -7.800 0
   40.200   -7.800 0
   40.200   -7.800 19
   40.200   -7.800 9
   40.200   -7.800 7
   40.200   -7.800 6
   40.200   -7.800 9
   40.200   -7.800 0
   40.200   -7.800 18
   40.200   -7.800 34
   40.200   -7.800 11
