   41.800   -8.000 0
   41.800   -8.000 0
   41.800   -8.000 0
   41.800   -8.000 3
   41.800   -8.000 16
   41.800   -8.000 1
   41.800   -8.000 0
   41.800   -8.000 6
   41.800   -8.000 9
   41.800   -8.000 14
   41.800   -8.000 0
   41.800   -8.000 0
   41.800   -8.000 0
   41.800   -8.000 0
   41.800   -8.000 0
   41.800   -8.000 0
   41.800   -8.000 0
   41.800   -8.000 0
   41.800   -8.000 0
   41.800   -8.000 0
   41.800   -8.000 0
   41.800   -8.000 10
   41.800   -8.000 14
   41.800   -8.000 6
   41.800   -8.000 14
   41.800   -8.000 0
   41.800   -8.000 0
   41.800   -8.000 0
   41.800   -8.000 0
   41.800   -8.000 0
