   41.800   -8.800 9
   41.800   -8.800 8
   41.800   -8.800 1
   41.800   -8.800 1
   41.800   -8.800 0
   41.800   -8.800 6
   41.800   -8.800 36
   41.800   -8.800 22
   41.800   -8.800 11
   41.800   -8.800 10
   41.800   -8.800 0
   41.800   -8.800 0
   41.800   -8.800 0
   41.800   -8.800 0
   41.800   -8.800 0
   41.800   -8.800 14
   41.800   -8.800 12
   41.800   -8.800 9
   41.800   -8.800 6
   41.800   -8.800 0
   41.800   -8.800 0
   41.800   -8.800 0
   41.800   -8.800 0
   41.800   -8.800 0
   41.800   -8.800 0
   41.800   -8.800 0
   41.800   -8.800 0
   41.800   -8.800 1
   41.800   -8.800 8
   41.800   -8.800 12
   41.800   -8.800 0
