   41.800   -8.800 0
   41.800   -8.800 0
   41.800   -8.800 0
   41.800   -8.800 0
   41.800   -8.800 0
   41.800   -8.800 2
   41.800   -8.800 7
   41.800   -8.800 5
   41.800   -8.800 10
   41.800   -8.800 11
   41.800   -8.800 0
   41.800   -8.800 7
   41.800   -8.800 5
   41.800   -8.800 23
   41.800   -8.800 6
   41.800   -8.800 12
   41.800   -8.800 4
   41.800   -8.800 0
   41.800   -8.800 0
   41.800   -8.800 0
   41.800   -8.800 5
   41.800   -8.800 11
   41.800   -8.800 7
   41.800   -8.800 0
   41.800   -8.800 0
   41.800   -8.800 0
   41.800   -8.800 0
   41.800   -8.800 0
   41.800   -8.800 0
   41.800   -8.800 0
   41.800   -8.800 0
