   41.800   -8.800 0
   41.800   -8.800 0
   41.800   -8.800 0
   41.800   -8.800 0
   41.800   -8.800 0
   41.800   -8.800 0
   41.800   -8.800 0
   41.800   -8.800 0
   41.800   -8.800 0
   41.800   -8.800 0
   41.800   -8.800 0
   41.800   -8.800 0
   41.800   -8.800 0
   41.800   -8.800 0
   41.800   -8.800 0
   41.800   -8.800 0
   41.800   -8.800 0
   41.800   -8.800 7
   41.800   -8.800 18
   41.800   -8.800 14
   41.800   -8.800 0
   41.800   -8.800 0
   41.800   -8.800 0
   41.800   -8.800 0
   41.800   -8.800 0
   41.800   -8.800 0
   41.800   -8.800 19
   41.800   -8.800 0
   41.800   -8.800 0
   41.800   -8.800 0
