   40.600   -7.800 5
   40.600   -7.800 5
   40.600   -7.800 1
   40.600   -7.800 0
   40.600   -7.800 0
   40.600   -7.800 0
   40.600   -7.800 1
   40.600   -7.800 22
   40.600   -7.800 10
   40.600   -7.800 29
   40.600   -7.800 35
   40.600   -7.800 4
   40.600   -7.800 21
   40.600   -7.800 11
   40.600   -7.800 23
   40.600   -7.800 7
   40.600   -7.800 15
   40.600   -7.800 18
   40.600   -7.800 42
   40.600   -7.800 12
   40.600   -7.800 33
   40.600   -7.800 18
   40.600   -7.800 17
   40.600   -7.800 28
   40.600   -7.800 15
   40.600   -7.800 0
   40.600   -7.800 0
   40.600   -7.800 7
   40.600   -7.800 9
   40.600   -7.800 6
   40.600   -7.800 0
