   40.600   -7.800 1
   40.600   -7.800 1
   40.600   -7.800 12
   40.600   -7.800 47
   40.600   -7.800 1
   40.600   -7.800 2
   40.600   -7.800 0
   40.600   -7.800 0
   40.600   -7.800 0
   40.600   -7.800 0
   40.600   -7.800 0
   40.600   -7.800 2
   40.600   -7.800 0
   40.600   -7.800 0
   40.600   -7.800 0
   40.600   -7.800 0
   40.600   -7.800 0
   40.600   -7.800 0
   40.600   -7.800 1
   40.600   -7.800 4
   40.600   -7.800 2
   40.600   -7.800 0
   40.600   -7.800 0
   40.600   -7.800 0
   40.600   -7.800 0
   40.600   -7.800 0
   40.600   -7.800 1
   40.600   -7.800 2
   40.600   -7.800 20
   40.600   -7.800 6
