   40.600   -7.800 5
   40.600   -7.800 0
   40.600   -7.800 1
   40.600   -7.800 1
   40.600   -7.800 1
   40.600   -7.800 2
   40.600   -7.800 6
   40.600   -7.800 10
   40.600   -7.800 31
   40.600   -7.800 28
   40.600   -7.800 44
   40.600   -7.800 32
   40.600   -7.800 25
   40.600   -7.800 19
   40.600   -7.800 19
   40.600   -7.800 23
   40.600   -7.800 35
   40.600   -7.800 34
   40.600   -7.800 37
   40.600   -7.800 28
   40.600   -7.800 25
   40.600   -7.800 11
   40.600   -7.800 7
   40.600   -7.800 0
   40.600   -7.800 11
   40.600   -7.800 4
   40.600   -7.800 12
   40.600   -7.800 0
   40.600   -7.800 0
