   38.200   -8.600 13
   38.200   -8.600 9
   38.200   -8.600 3
   38.200   -8.600 20
   38.200   -8.600 0
   38.200   -8.600 3
   38.200   -8.600 31
   38.200   -8.600 3
   38.200   -8.600 0
   38.200   -8.600 0
   38.200   -8.600 0
   38.200   -8.600 0
   38.200   -8.600 0
   38.200   -8.600 0
   38.200   -8.600 4
   38.200   -8.600 9
   38.200   -8.600 46
   38.200   -8.600 4
   38.200   -8.600 15
   38.200   -8.600 0
   38.200   -8.600 0
   38.200   -8.600 0
   38.200   -8.600 0
   38.200   -8.600 0
   38.200   -8.600 0
   38.200   -8.600 0
   38.200   -8.600 0
   38.200   -8.600 0
   38.200   -8.600 4
   38.200   -8.600 0
   38.200   -8.600 0
