   38.200   -8.600 3
   38.200   -8.600 5
   38.200   -8.600 31
   38.200   -8.600 52
   38.200   -8.600 13
   38.200   -8.600 0
   38.200   -8.600 4
   38.200   -8.600 1
   38.200   -8.600 5
   38.200   -8.600 10
   38.200   -8.600 4
   38.200   -8.600 8
   38.200   -8.600 0
   38.200   -8.600 0
   38.200   -8.600 0
   38.200   -8.600 15
   38.200   -8.600 5
   38.200   -8.600 1
   38.200   -8.600 10
   38.200   -8.600 6
   38.200   -8.600 0
   38.200   -8.600 13
   38.200   -8.600 27
   38.200   -8.600 18
   38.200   -8.600 0
   38.200   -8.600 10
   38.200   -8.600 0
   38.200   -8.600 0
   38.200   -8.600 0
   38.200   -8.600 0
