   41.600   -8.200 13
   41.600   -8.200 5
   41.600   -8.200 8
   41.600   -8.200 7
   41.600   -8.200 8
   41.600   -8.200 6
   41.600   -8.200 2
   41.600   -8.200 0
   41.600   -8.200 4
   41.600   -8.200 11
   41.600   -8.200 17
   41.600   -8.200 0
   41.600   -8.200 0
   41.600   -8.200 5
   41.600   -8.200 16
   41.600   -8.200 8
   41.600   -8.200 60
   41.600   -8.200 11
   41.600   -8.200 41
   41.600   -8.200 21
   41.600   -8.200 9
   41.600   -8.200 58
   41.600   -8.200 6
   41.600   -8.200 10
   41.600   -8.200 0
   41.600   -8.200 12
   41.600   -8.200 1
   41.600   -8.200 0
   41.600   -8.200 2
   41.600   -8.200 0
