   41.600   -8.200 0
   41.600   -8.200 0
   41.600   -8.200 0
   41.600   -8.200 0
   41.600   -8.200 3
   41.600   -8.200 11
   41.600   -8.200 11
   41.600   -8.200 0
   41.600   -8.200 3
   41.600   -8.200 4
   41.600   -8.200 1
   41.600   -8.200 0
   41.600   -8.200 0
   41.600   -8.200 0
   41.600   -8.200 0
   41.600   -8.200 0
   41.600   -8.200 0
   41.600   -8.200 0
   41.600   -8.200 0
   41.600   -8.200 0
   41.600   -8.200 0
   41.600   -8.200 0
   41.600   -8.200 0
   41.600   -8.200 0
   41.600   -8.200 0
   41.600   -8.200 0
   41.600   -8.200 0
   41.600   -8.200 0
   41.600   -8.200 0
   41.600   -8.200 0
   41.600   -8.200 0
   41.600   -8.200 0
   41.600   -8.200 1
   41.600   -8.200 0
   41.600   -8.200 0
   41.600   -8.200 0
   41.600   -8.200 0
   41.600   -8.200 0
   41.600   -8.200 0
   41.600   -8.200 7
   41.600   -8.200 9
   41.600   -8.200 0
   41.600   -8.200 0
   41.600   -8.200 0
   41.600   -8.200 0
   41.600   -8.200 0
   41.600   -8.200 0
   41.600   -8.200 0
   41.600   -8.200 0
   41.600   -8.200 0
   41.600   -8.200 0
   41.600   -8.200 13
   41.600   -8.200 1
   41.600   -8.200 23
   41.600   -8.200 34
   41.600   -8.200 52
   41.600   -8.200 24
   41.600   -8.200 22
   41.600   -8.200 41
   41.600   -8.200 39
   41.600   -8.200 13
   41.600   -8.200 12
   41.600   -8.200 6
   41.600   -8.200 0
   41.600   -8.200 0
   41.600   -8.200 25
   41.600   -8.200 0
   41.600   -8.200 0
   41.600   -8.200 0
   41.600   -8.200 0
   41.600   -8.200 0
   41.600   -8.200 0
   41.600   -8.200 0
   41.600   -8.200 3
   41.600   -8.200 9
   41.600   -8.200 4
   41.600   -8.200 0
   41.600   -8.200 0
   41.600   -8.200 0
   41.600   -8.200 0
   41.600   -8.200 0
   41.600   -8.200 0
   41.600   -8.200 0
   41.600   -8.200 0
   41.600   -8.200 0
   41.600   -8.200 1
   41.600   -8.200 26
   41.600   -8.200 0
   41.600   -8.200 0
   41.600   -8.200 7
   41.600   -8.200 0
   41.600   -8.200 3
   41.600   -8.200 9
   41.600   -8.200 5
   41.600   -8.200 3
   41.600   -8.200 19
   41.600   -8.200 1
   41.600   -8.200 7
   41.600   -8.200 14
   41.600   -8.200 7
   41.600   -8.200 9
   41.600   -8.200 34
   41.600   -8.200 38
   41.600   -8.200 6
   41.600   -8.200 9
   41.600   -8.200 9
   41.600   -8.200 1
   41.600   -8.200 0
   41.600   -8.200 0
   41.600   -8.200 3
   41.600   -8.200 0
   41.600   -8.200 0
   41.600   -8.200 0
   41.600   -8.200 0
   41.600   -8.200 5
   41.600   -8.200 1
   41.600   -8.200 1
   41.600   -8.200 12
   41.600   -8.200 0
   41.600   -8.200 0
   41.600   -8.200 0
   41.600   -8.200 0
   41.600   -8.200 0
   41.600   -8.200 0
   41.600   -8.200 0
   41.600   -8.200 0
   41.600   -8.200 0
   41.600   -8.200 0
   41.600   -8.200 2
   41.600   -8.200 2
   41.600   -8.200 5
   41.600   -8.200 0
   41.600   -8.200 0
   41.600   -8.200 0
   41.600   -8.200 0
   41.600   -8.200 0
   41.600   -8.200 0
   41.600   -8.200 0
   41.600   -8.200 0
   41.600   -8.200 0
   41.600   -8.200 0
   41.600   -8.200 1
   41.600   -8.200 13
   41.600   -8.200 22
   41.600   -8.200 4
   41.600   -8.200 17
   41.600   -8.200 6
   41.600   -8.200 8
   41.600   -8.200 5
   41.600   -8.200 3
   41.600   -8.200 11
   41.600   -8.200 12
   41.600   -8.200 0
   41.600   -8.200 0
   41.600   -8.200 0
   41.600   -8.200 0
   41.600   -8.200 0
   41.600   -8.200 0
   41.600   -8.200 0
   41.600   -8.200 0
   41.600   -8.200 10
   41.600   -8.200 6
   41.600   -8.200 3
   41.600   -8.200 0
   41.600   -8.200 0
   41.600   -8.200 0
   41.600   -8.200 2
   41.600   -8.200 20
   41.600   -8.200 14
   41.600   -8.200 1
   41.600   -8.200 0
   41.600   -8.200 0
   41.600   -8.200 0
   41.600   -8.200 0
   41.600   -8.200 0
   41.600   -8.200 0
   41.600   -8.200 0
   41.600   -8.200 0
   41.600   -8.200 0
   41.600   -8.200 0
   41.600   -8.200 0
   41.600   -8.200 0
   41.600   -8.200 0
   41.600   -8.200 0
   41.600   -8.200 0
   41.600   -8.200 0
   41.600   -8.200 2
   41.600   -8.200 0
   41.600   -8.200 0
   41.600   -8.200 0
   41.600   -8.200 0
   41.600   -8.200 0
   41.600   -8.200 0
   41.600   -8.200 0
   41.600   -8.200 0
   41.600   -8.200 0
   41.600   -8.200 0
   41.600   -8.200 0
   41.600   -8.200 0
   41.600   -8.200 0
   41.600   -8.200 0
   41.600   -8.200 0
   41.600   -8.200 0
   41.600   -8.200 0
   41.600   -8.200 0
   41.600   -8.200 0
   41.600   -8.200 0
   41.600   -8.200 0
   41.600   -8.200 0
   41.600   -8.200 0
   41.600   -8.200 0
   41.600   -8.200 0
   41.600   -8.200 0
   41.600   -8.200 0
   41.600   -8.200 0
   41.600   -8.200 0
   41.600   -8.200 0
   41.600   -8.200 0
   41.600   -8.200 0
   41.600   -8.200 0
   41.600   -8.200 0
   41.600   -8.200 0
   41.600   -8.200 0
   41.600   -8.200 0
   41.600   -8.200 0
   41.600   -8.200 0
   41.600   -8.200 0
   41.600   -8.200 11
   41.600   -8.200 0
   41.600   -8.200 0
   41.600   -8.200 0
   41.600   -8.200 0
   41.600   -8.200 0
   41.600   -8.200 0
   41.600   -8.200 0
   41.600   -8.200 0
   41.600   -8.200 0
   41.600   -8.200 0
   41.600   -8.200 0
   41.600   -8.200 0
   41.600   -8.200 0
   41.600   -8.200 5
   41.600   -8.200 2
   41.600   -8.200 0
   41.600   -8.200 0
   41.600   -8.200 0
   41.600   -8.200 0
   41.600   -8.200 0
   41.600   -8.200 0
   41.600   -8.200 0
   41.600   -8.200 0
   41.600   -8.200 0
   41.600   -8.200 0
   41.600   -8.200 0
   41.600   -8.200 0
   41.600   -8.200 0
   41.600   -8.200 0
   41.600   -8.200 0
   41.600   -8.200 0
   41.600   -8.200 0
   41.600   -8.200 0
   41.600   -8.200 3
   41.600   -8.200 0
   41.600   -8.200 0
   41.600   -8.200 1
   41.600   -8.200 0
   41.600   -8.200 0
   41.600   -8.200 0
   41.600   -8.200 0
   41.600   -8.200 0
   41.600   -8.200 0
   41.600   -8.200 0
   41.600   -8.200 0
   41.600   -8.200 0
   41.600   -8.200 0
   41.600   -8.200 0
   41.600   -8.200 0
   41.600   -8.200 0
   41.600   -8.200 0
   41.600   -8.200 0
   41.600   -8.200 0
   41.600   -8.200 0
   41.600   -8.200 0
   41.600   -8.200 0
   41.600   -8.200 0
   41.600   -8.200 0
   41.600   -8.200 2
   41.600   -8.200 0
   41.600   -8.200 0
   41.600   -8.200 0
   41.600   -8.200 0
   41.600   -8.200 5
   41.600   -8.200 9
   41.600   -8.200 2
   41.600   -8.200 10
   41.600   -8.200 54
   41.600   -8.200 17
   41.600   -8.200 0
   41.600   -8.200 6
   41.600   -8.200 4
   41.600   -8.200 12
   41.600   -8.200 10
   41.600   -8.200 0
   41.600   -8.200 0
   41.600   -8.200 1
   41.600   -8.200 1
   41.600   -8.200 13
   41.600   -8.200 5
   41.600   -8.200 8
   41.600   -8.200 7
   41.600   -8.200 8
   41.600   -8.200 6
   41.600   -8.200 2
   41.600   -8.200 0
   41.600   -8.200 4
   41.600   -8.200 11
   41.600   -8.200 17
   41.600   -8.200 0
   41.600   -8.200 0
   41.600   -8.200 5
   41.600   -8.200 16
   41.600   -8.200 8
   41.600   -8.200 60
   41.600   -8.200 11
   41.600   -8.200 41
   41.600   -8.200 21
   41.600   -8.200 9
   41.600   -8.200 58
   41.600   -8.200 6
   41.600   -8.200 10
   41.600   -8.200 0
   41.600   -8.200 12
   41.600   -8.200 1
   41.600   -8.200 0
   41.600   -8.200 2
   41.600   -8.200 0
   41.600   -8.200 0
   41.600   -8.200 0
   41.600   -8.200 2
   41.600   -8.200 2
   41.600   -8.200 0
   41.600   -8.200 1
   41.600   -8.200 23
   41.600   -8.200 2
   41.600   -8.200 3
   41.600   -8.200 18
   41.600   -8.200 45
   41.600   -8.200 11
   41.600   -8.200 63
   41.600   -8.200 50
   41.600   -8.200 41
   41.600   -8.200 38
   41.600   -8.200 14
   41.600   -8.200 19
   41.600   -8.200 55
   41.600   -8.200 55
   41.600   -8.200 12
   41.600   -8.200 10
   41.600   -8.200 19
   41.600   -8.200 19
   41.600   -8.200 0
   41.600   -8.200 0
   41.600   -8.200 0
   41.600   -8.200 1
   41.600   -8.200 5
