   38.200   -8.600 0
   38.200   -8.600 2
   38.200   -8.600 3
   38.200   -8.600 0
   38.200   -8.600 0
   38.200   -8.600 0
   38.200   -8.600 0
   38.200   -8.600 3
   38.200   -8.600 0
   38.200   -8.600 0
   38.200   -8.600 10
   38.200   -8.600 1
   38.200   -8.600 14
   38.200   -8.600 0
   38.200   -8.600 0
   38.200   -8.600 0
   38.200   -8.600 0
   38.200   -8.600 0
   38.200   -8.600 0
   38.200   -8.600 0
   38.200   -8.600 0
   38.200   -8.600 1
   38.200   -8.600 0
   38.200   -8.600 1
   38.200   -8.600 1
   38.200   -8.600 0
   38.200   -8.600 9
   38.200   -8.600 0
   38.200   -8.600 0
