   38.200   -8.600 0
   38.200   -8.600 0
   38.200   -8.600 0
   38.200   -8.600 0
   38.200   -8.600 0
   38.200   -8.600 11
   38.200   -8.600 0
   38.200   -8.600 0
   38.200   -8.600 0
   38.200   -8.600 0
   38.200   -8.600 0
   38.200   -8.600 0
   38.200   -8.600 0
   38.200   -8.600 0
   38.200   -8.600 0
   38.200   -8.600 0
   38.200   -8.600 0
   38.200   -8.600 0
   38.200   -8.600 0
   38.200   -8.600 0
   38.200   -8.600 0
   38.200   -8.600 0
   38.200   -8.600 0
   38.200   -8.600 0
   38.200   -8.600 0
   38.200   -8.600 0
   38.200   -8.600 0
   38.200   -8.600 0
   38.200   -8.600 0
   38.200   -8.600 0
   38.200   -8.600 0
