   38.200   -8.600 19
   38.200   -8.600 7
   38.200   -8.600 3
   38.200   -8.600 4
   38.200   -8.600 24
   38.200   -8.600 0
   38.200   -8.600 4
   38.200   -8.600 11
   38.200   -8.600 7
   38.200   -8.600 13
   38.200   -8.600 3
   38.200   -8.600 6
   38.200   -8.600 3
   38.200   -8.600 1
   38.200   -8.600 3
   38.200   -8.600 3
   38.200   -8.600 16
   38.200   -8.600 5
   38.200   -8.600 5
   38.200   -8.600 7
   38.200   -8.600 0
   38.200   -8.600 0
   38.200   -8.600 0
   38.200   -8.600 4
   38.200   -8.600 0
   38.200   -8.600 0
   38.200   -8.600 0
   38.200   -8.600 0
   38.200   -8.600 0
   38.200   -8.600 0
   38.200   -8.600 5
