   38.200   -8.600 0
   38.200   -8.600 5
   38.200   -8.600 0
   38.200   -8.600 0
   38.200   -8.600 2
   38.200   -8.600 7
   38.200   -8.600 1
   38.200   -8.600 8
   38.200   -8.600 22
   38.200   -8.600 7
   38.200   -8.600 3
   38.200   -8.600 0
   38.200   -8.600 0
   38.200   -8.600 11
   38.200   -8.600 65
   38.200   -8.600 0
   38.200   -8.600 2
   38.200   -8.600 1
   38.200   -8.600 3
   38.200   -8.600 1
   38.200   -8.600 0
   38.200   -8.600 0
   38.200   -8.600 1
   38.200   -8.600 1
   38.200   -8.600 1
   38.200   -8.600 6
   38.200   -8.600 3
   38.200   -8.600 25
   38.200   -8.600 0
