   40.200   -7.800 0
   40.200   -7.800 0
   40.200   -7.800 0
   40.200   -7.800 0
   40.200   -7.800 0
   40.200   -7.800 0
   40.200   -7.800 0
   40.200   -7.800 0
   40.200   -7.800 0
   40.200   -7.800 2
   40.200   -7.800 4
   40.200   -7.800 47
   40.200   -7.800 5
   40.200   -7.800 28
   40.200   -7.800 8
   40.200   -7.800 65
   40.200   -7.800 18
   40.200   -7.800 3
   40.200   -7.800 10
   40.200   -7.800 12
   40.200   -7.800 6
   40.200   -7.800 1
   40.200   -7.800 0
   40.200   -7.800 0
   40.200   -7.800 0
   40.200   -7.800 0
   40.200   -7.800 0
   40.200   -7.800 0
   40.200   -7.800 0
   40.200   -7.800 0
   40.200   -7.800 0
