   38.000   -7.800 0
   38.000   -7.800 0
   38.000   -7.800 5
   38.000   -7.800 3
   38.000   -7.800 1
   38.000   -7.800 0
   38.000   -7.800 9
   38.000   -7.800 1
   38.000   -7.800 5
   38.000   -7.800 15
   38.000   -7.800 22
   38.000   -7.800 2
   38.000   -7.800 1
   38.000   -7.800 14
   38.000   -7.800 3
   38.000   -7.800 0
   38.000   -7.800 0
   38.000   -7.800 0
   38.000   -7.800 0
   38.000   -7.800 0
   38.000   -7.800 0
   38.000   -7.800 0
   38.000   -7.800 0
   38.000   -7.800 0
   38.000   -7.800 1
   38.000   -7.800 0
   38.000   -7.800 0
   38.000   -7.800 14
   38.000   -7.800 4
   38.000   -7.800 74
   38.000   -7.800 3
