   38.000   -7.800 0
   38.000   -7.800 19
   38.000   -7.800 16
   38.000   -7.800 0
   38.000   -7.800 0
   38.000   -7.800 0
   38.000   -7.800 4
   38.000   -7.800 0
   38.000   -7.800 0
   38.000   -7.800 0
   38.000   -7.800 0
   38.000   -7.800 0
   38.000   -7.800 0
   38.000   -7.800 0
   38.000   -7.800 0
   38.000   -7.800 0
   38.000   -7.800 0
   38.000   -7.800 0
   38.000   -7.800 0
   38.000   -7.800 0
   38.000   -7.800 0
   38.000   -7.800 0
   38.000   -7.800 0
   38.000   -7.800 0
   38.000   -7.800 0
   38.000   -7.800 0
   38.000   -7.800 0
   38.000   -7.800 0
   38.000   -7.800 0
   38.000   -7.800 0
