   41.800   -8.800 0
   41.800   -8.800 0
   41.800   -8.800 0
   41.800   -8.800 0
   41.800   -8.800 0
   41.800   -8.800 0
   41.800   -8.800 0
   41.800   -8.800 0
   41.800   -8.800 0
   41.800   -8.800 0
   41.800   -8.800 0
   41.800   -8.800 11
   41.800   -8.800 8
   41.800   -8.800 5
   41.800   -8.800 33
   41.800   -8.800 6
   41.800   -8.800 32
   41.800   -8.800 19
   41.800   -8.800 12
   41.800   -8.800 4
   41.800   -8.800 16
   41.800   -8.800 52
   41.800   -8.800 22
   41.800   -8.800 26
   41.800   -8.800 24
   41.800   -8.800 11
   41.800   -8.800 16
   41.800   -8.800 7
   41.800   -8.800 4
