   41.800   -8.800 1
   41.800   -8.800 0
   41.800   -8.800 0
   41.800   -8.800 3
   41.800   -8.800 0
   41.800   -8.800 1
   41.800   -8.800 0
   41.800   -8.800 0
   41.800   -8.800 0
   41.800   -8.800 18
   41.800   -8.800 25
   41.800   -8.800 16
   41.800   -8.800 29
   41.800   -8.800 20
   41.800   -8.800 5
   41.800   -8.800 7
   41.800   -8.800 11
   41.800   -8.800 9
   41.800   -8.800 13
   41.800   -8.800 11
   41.800   -8.800 23
   41.800   -8.800 4
   41.800   -8.800 10
   41.800   -8.800 5
   41.800   -8.800 2
   41.800   -8.800 0
   41.800   -8.800 0
   41.800   -8.800 14
   41.800   -8.800 0
   41.800   -8.800 15
   41.800   -8.800 7
