   40.200   -7.800 8
   40.200   -7.800 30
   40.200   -7.800 37
   40.200   -7.800 15
   40.200   -7.800 13
   40.200   -7.800 6
   40.200   -7.800 11
   40.200   -7.800 1
   40.200   -7.800 2
   40.200   -7.800 0
   40.200   -7.800 0
   40.200   -7.800 0
   40.200   -7.800 0
   40.200   -7.800 0
   40.200   -7.800 31
   40.200   -7.800 4
   40.200   -7.800 0
   40.200   -7.800 0
   40.200   -7.800 0
   40.200   -7.800 8
   40.200   -7.800 7
   40.200   -7.800 4
   40.200   -7.800 3
   40.200   -7.800 0
   40.200   -7.800 0
   40.200   -7.800 0
   40.200   -7.800 0
   40.200   -7.800 1
   40.200   -7.800 2
   40.200   -7.800 0
   40.200   -7.800 6
