   41.400   -8.200 7
   41.400   -8.200 71
   41.400   -8.200 8
   41.400   -8.200 1
   41.400   -8.200 0
   41.400   -8.200 13
   41.400   -8.200 16
   41.400   -8.200 0
   41.400   -8.200 10
   41.400   -8.200 2
   41.400   -8.200 0
   41.400   -8.200 0
   41.400   -8.200 0
   41.400   -8.200 0
   41.400   -8.200 0
   41.400   -8.200 1
   41.400   -8.200 2
   41.400   -8.200 3
   41.400   -8.200 0
   41.400   -8.200 16
   41.400   -8.200 23
   41.400   -8.200 22
   41.400   -8.200 9
   41.400   -8.200 11
   41.400   -8.200 3
   41.400   -8.200 2
   41.400   -8.200 32
   41.400   -8.200 0
   41.400   -8.200 0
   41.400   -8.200 10
   41.400   -8.200 19
