   41.400   -8.200 0
   41.400   -8.200 0
   41.400   -8.200 9
   41.400   -8.200 36
   41.400   -8.200 13
   41.400   -8.200 2
   41.400   -8.200 0
   41.400   -8.200 4
   41.400   -8.200 0
   41.400   -8.200 0
   41.400   -8.200 6
   41.400   -8.200 12
   41.400   -8.200 0
   41.400   -8.200 15
   41.400   -8.200 30
   41.400   -8.200 0
   41.400   -8.200 3
   41.400   -8.200 2
   41.400   -8.200 4
   41.400   -8.200 23
   41.400   -8.200 51
   41.400   -8.200 7
   41.400   -8.200 27
   41.400   -8.200 10
   41.400   -8.200 0
   41.400   -8.200 38
   41.400   -8.200 7
   41.400   -8.200 0
   41.400   -8.200 0
   41.400   -8.200 0
