   40.600   -8.600 1
   40.600   -8.600 0
   40.600   -8.600 0
   40.600   -8.600 0
   40.600   -8.600 0
   40.600   -8.600 8
   40.600   -8.600 0
   40.600   -8.600 0
   40.600   -8.600 1
   40.600   -8.600 15
   40.600   -8.600 0
   40.600   -8.600 0
   40.600   -8.600 0
   40.600   -8.600 3
   40.600   -8.600 30
   40.600   -8.600 19
   40.600   -8.600 27
   40.600   -8.600 12
   40.600   -8.600 10
   40.600   -8.600 66
   40.600   -8.600 1
   40.600   -8.600 0
   40.600   -8.600 1
   40.600   -8.600 7
   40.600   -8.600 2
   40.600   -8.600 1
   40.600   -8.600 29
   40.600   -8.600 5
   40.600   -8.600 4
