   41.600   -8.200 0
   41.600   -8.200 0
   41.600   -8.200 0
   41.600   -8.200 0
   41.600   -8.200 0
   41.600   -8.200 0
   41.600   -8.200 0
   41.600   -8.200 0
   41.600   -8.200 0
   41.600   -8.200 0
   41.600   -8.200 0
   41.600   -8.200 0
   41.600   -8.200 0
   41.600   -8.200 0
   41.600   -8.200 1
   41.600   -8.200 10
   41.600   -8.200 45
   41.600   -8.200 34
   41.600   -8.200 20
   41.600   -8.200 40
   41.600   -8.200 23
   41.600   -8.200 63
   41.600   -8.200 40
   41.600   -8.200 22
   41.600   -8.200 4
   41.600   -8.200 11
   41.600   -8.200 17
   41.600   -8.200 40
   41.600   -8.200 24
   41.600   -8.200 2
   41.600   -8.200 4
