   41.600   -8.200 0
   41.600   -8.200 0
   41.600   -8.200 0
   41.600   -8.200 0
   41.600   -8.200 0
   41.600   -8.200 0
   41.600   -8.200 0
   41.600   -8.200 0
   41.600   -8.200 5
   41.600   -8.200 8
   41.600   -8.200 33
   41.600   -8.200 31
   41.600   -8.200 0
   41.600   -8.200 35
   41.600   -8.200 66
   41.600   -8.200 18
   41.600   -8.200 11
   41.600   -8.200 18
   41.600   -8.200 0
   41.600   -8.200 0
   41.600   -8.200 1
   41.600   -8.200 1
   41.600   -8.200 4
   41.600   -8.200 10
   41.600   -8.200 1
   41.600   -8.200 0
   41.600   -8.200 0
   41.600   -8.200 0
   41.600   -8.200 0
   41.600   -8.200 21
   41.600   -8.200 21
   41.600   -8.200 0
   41.600   -8.200 0
   41.600   -8.200 0
   41.600   -8.200 0
   41.600   -8.200 0
   41.600   -8.200 0
   41.600   -8.200 0
   41.600   -8.200 0
   41.600   -8.200 0
   41.600   -8.200 0
   41.600   -8.200 0
   41.600   -8.200 0
   41.600   -8.200 0
   41.600   -8.200 0
   41.600   -8.200 0
   41.600   -8.200 0
   41.600   -8.200 0
   41.600   -8.200 0
   41.600   -8.200 0
   41.600   -8.200 0
   41.600   -8.200 5
   41.600   -8.200 6
   41.600   -8.200 5
   41.600   -8.200 4
   41.600   -8.200 0
   41.600   -8.200 1
   41.600   -8.200 0
   41.600   -8.200 0
   41.600   -8.200 0
   41.600   -8.200 0
   41.600   -8.200 0
   41.600   -8.200 0
   41.600   -8.200 0
   41.600   -8.200 0
   41.600   -8.200 0
   41.600   -8.200 0
   41.600   -8.200 0
   41.600   -8.200 0
   41.600   -8.200 0
   41.600   -8.200 0
   41.600   -8.200 0
   41.600   -8.200 0
   41.600   -8.200 0
   41.600   -8.200 0
   41.600   -8.200 1
   41.600   -8.200 10
   41.600   -8.200 45
   41.600   -8.200 34
   41.600   -8.200 20
   41.600   -8.200 40
   41.600   -8.200 23
   41.600   -8.200 63
   41.600   -8.200 40
   41.600   -8.200 22
   41.600   -8.200 4
   41.600   -8.200 11
   41.600   -8.200 17
   41.600   -8.200 40
   41.600   -8.200 24
   41.600   -8.200 2
   41.600   -8.200 4
   41.600   -8.200 0
   41.600   -8.200 0
   41.600   -8.200 0
   41.600   -8.200 0
   41.600   -8.200 0
   41.600   -8.200 0
   41.600   -8.200 0
   41.600   -8.200 0
   41.600   -8.200 0
   41.600   -8.200 13
   41.600   -8.200 16
   41.600   -8.200 36
   41.600   -8.200 34
   41.600   -8.200 7
   41.600   -8.200 0
   41.600   -8.200 0
   41.600   -8.200 6
   41.600   -8.200 44
   41.600   -8.200 10
   41.600   -8.200 4
   41.600   -8.200 11
   41.600   -8.200 4
   41.600   -8.200 6
   41.600   -8.200 2
   41.600   -8.200 12
   41.600   -8.200 11
   41.600   -8.200 2
   41.600   -8.200 1
   41.600   -8.200 0
   41.600   -8.200 0
   41.600   -8.200 0
   41.600   -8.200 0
   41.600   -8.200 0
   41.600   -8.200 0
   41.600   -8.200 0
   41.600   -8.200 0
   41.600   -8.200 0
   41.600   -8.200 0
   41.600   -8.200 0
   41.600   -8.200 0
   41.600   -8.200 0
   41.600   -8.200 0
   41.600   -8.200 0
   41.600   -8.200 0
   41.600   -8.200 0
   41.600   -8.200 0
   41.600   -8.200 3
   41.600   -8.200 29
   41.600   -8.200 13
   41.600   -8.200 7
   41.600   -8.200 2
   41.600   -8.200 0
   41.600   -8.200 0
   41.600   -8.200 0
   41.600   -8.200 0
   41.600   -8.200 15
   41.600   -8.200 53
   41.600   -8.200 27
   41.600   -8.200 20
   41.600   -8.200 19
   41.600   -8.200 0
   41.600   -8.200 0
   41.600   -8.200 0
   41.600   -8.200 0
   41.600   -8.200 2
   41.600   -8.200 7
   41.600   -8.200 0
   41.600   -8.200 0
   41.600   -8.200 0
   41.600   -8.200 0
   41.600   -8.200 0
   41.600   -8.200 0
   41.600   -8.200 0
   41.600   -8.200 0
   41.600   -8.200 0
   41.600   -8.200 0
   41.600   -8.200 0
   41.600   -8.200 0
   41.600   -8.200 0
   41.600   -8.200 0
   41.600   -8.200 0
   41.600   -8.200 0
   41.600   -8.200 0
   41.600   -8.200 0
   41.600   -8.200 0
   41.600   -8.200 5
   41.600   -8.200 0
   41.600   -8.200 0
   41.600   -8.200 0
   41.600   -8.200 1
   41.600   -8.200 17
   41.600   -8.200 29
   41.600   -8.200 0
   41.600   -8.200 0
   41.600   -8.200 0
   41.600   -8.200 0
   41.600   -8.200 0
   41.600   -8.200 0
   41.600   -8.200 0
   41.600   -8.200 0
   41.600   -8.200 0
   41.600   -8.200 0
   41.600   -8.200 7
   41.600   -8.200 13
   41.600   -8.200 4
   41.600   -8.200 0
   41.600   -8.200 0
   41.600   -8.200 0
   41.600   -8.200 0
   41.600   -8.200 0
   41.600   -8.200 0
   41.600   -8.200 0
   41.600   -8.200 0
   41.600   -8.200 0
   41.600   -8.200 0
   41.600   -8.200 0
   41.600   -8.200 0
   41.600   -8.200 0
   41.600   -8.200 11
   41.600   -8.200 0
   41.600   -8.200 0
   41.600   -8.200 0
   41.600   -8.200 0
   41.600   -8.200 0
   41.600   -8.200 0
   41.600   -8.200 0
   41.600   -8.200 0
   41.600   -8.200 0
   41.600   -8.200 15
   41.600   -8.200 5
   41.600   -8.200 2
   41.600   -8.200 0
   41.600   -8.200 0
   41.600   -8.200 0
   41.600   -8.200 0
   41.600   -8.200 0
   41.600   -8.200 0
   41.600   -8.200 0
   41.600   -8.200 18
   41.600   -8.200 0
   41.600   -8.200 0
   41.600   -8.200 0
   41.600   -8.200 2
   41.600   -8.200 2
   41.600   -8.200 0
   41.600   -8.200 6
   41.600   -8.200 5
   41.600   -8.200 8
   41.600   -8.200 8
   41.600   -8.200 0
   41.600   -8.200 0
   41.600   -8.200 4
   41.600   -8.200 0
   41.600   -8.200 0
   41.600   -8.200 0
   41.600   -8.200 0
   41.600   -8.200 22
   41.600   -8.200 17
   41.600   -8.200 3
   41.600   -8.200 15
   41.600   -8.200 20
   41.600   -8.200 50
   41.600   -8.200 12
   41.600   -8.200 0
   41.600   -8.200 0
   41.600   -8.200 0
   41.600   -8.200 0
   41.600   -8.200 0
   41.600   -8.200 0
   41.600   -8.200 0
   41.600   -8.200 0
   41.600   -8.200 0
   41.600   -8.200 2
   41.600   -8.200 10
   41.600   -8.200 27
   41.600   -8.200 23
   41.600   -8.200 5
   41.600   -8.200 4
   41.600   -8.200 2
   41.600   -8.200 0
   41.600   -8.200 0
   41.600   -8.200 0
   41.600   -8.200 0
   41.600   -8.200 7
   41.600   -8.200 22
   41.600   -8.200 0
   41.600   -8.200 0
   41.600   -8.200 0
   41.600   -8.200 0
   41.600   -8.200 0
   41.600   -8.200 0
   41.600   -8.200 2
   41.600   -8.200 3
   41.600   -8.200 2
   41.600   -8.200 1
   41.600   -8.200 5
   41.600   -8.200 13
   41.600   -8.200 5
   41.600   -8.200 0
   41.600   -8.200 0
   41.600   -8.200 0
   41.600   -8.200 0
   41.600   -8.200 0
   41.600   -8.200 0
   41.600   -8.200 0
   41.600   -8.200 0
   41.600   -8.200 0
   41.600   -8.200 0
   41.600   -8.200 0
   41.600   -8.200 0
   41.600   -8.200 0
   41.600   -8.200 0
   41.600   -8.200 0
   41.600   -8.200 0
   41.600   -8.200 0
   41.600   -8.200 0
   41.600   -8.200 0
   41.600   -8.200 0
   41.600   -8.200 0
   41.600   -8.200 0
   41.600   -8.200 0
   41.600   -8.200 26
   41.600   -8.200 0
   41.600   -8.200 0
   41.600   -8.200 2
   41.600   -8.200 0
   41.600   -8.200 0
   41.600   -8.200 0
   41.600   -8.200 0
   41.600   -8.200 0
   41.600   -8.200 0
   41.600   -8.200 7
   41.600   -8.200 7
   41.600   -8.200 3
   41.600   -8.200 0
   41.600   -8.200 0
   41.600   -8.200 0
   41.600   -8.200 0
   41.600   -8.200 0
   41.600   -8.200 0
   41.600   -8.200 0
   41.600   -8.200 0
   41.600   -8.200 0
   41.600   -8.200 0
   41.600   -8.200 0
   41.600   -8.200 0
   41.600   -8.200 0
   41.600   -8.200 0
   41.600   -8.200 0
   41.600   -8.200 0
   41.600   -8.200 0
   41.600   -8.200 0
   41.600   -8.200 0
   41.600   -8.200 0
   41.600   -8.200 0
   41.600   -8.200 0
   41.600   -8.200 0
   41.600   -8.200 1
   41.600   -8.200 7
   41.600   -8.200 7
   41.600   -8.200 20
   41.600   -8.200 10
   41.600   -8.200 0
   41.600   -8.200 0
   41.600   -8.200 8
   41.600   -8.200 0
   41.600   -8.200 2
   41.600   -8.200 5
   41.600   -8.200 16
   41.600   -8.200 0
   41.600   -8.200 31
   41.600   -8.200 19
   41.600   -8.200 33
   41.600   -8.200 21
