   38.200   -8.600 2
   38.200   -8.600 1
   38.200   -8.600 8
   38.200   -8.600 4
   38.200   -8.600 1
   38.200   -8.600 3
   38.200   -8.600 0
   38.200   -8.600 28
   38.200   -8.600 0
   38.200   -8.600 1
   38.200   -8.600 0
   38.200   -8.600 0
   38.200   -8.600 0
   38.200   -8.600 16
   38.200   -8.600 0
   38.200   -8.600 0
   38.200   -8.600 0
   38.200   -8.600 10
   38.200   -8.600 0
   38.200   -8.600 0
   38.200   -8.600 12
   38.200   -8.600 1
   38.200   -8.600 2
   38.200   -8.600 0
   38.200   -8.600 14
   38.200   -8.600 0
   38.200   -8.600 0
   38.200   -8.600 1
   38.200   -8.600 23
   38.200   -8.600 7
   38.200   -8.600 0
