   39.600   -8.800 4
   39.600   -8.800 1
   39.600   -8.800 0
   39.600   -8.800 1
   39.600   -8.800 2
   39.600   -8.800 0
   39.600   -8.800 0
   39.600   -8.800 0
   39.600   -8.800 1
   39.600   -8.800 21
   39.600   -8.800 14
   39.600   -8.800 3
   39.600   -8.800 3
   39.600   -8.800 3
   39.600   -8.800 13
   39.600   -8.800 12
   39.600   -8.800 29
   39.600   -8.800 8
   39.600   -8.800 8
   39.600   -8.800 9
   39.600   -8.800 30
   39.600   -8.800 16
   39.600   -8.800 5
   39.600   -8.800 36
   39.600   -8.800 11
   39.600   -8.800 5
   39.600   -8.800 0
   39.600   -8.800 0
   39.600   -8.800 1
   39.600   -8.800 0
