   39.600   -8.800 2
   39.600   -8.800 34
   39.600   -8.800 22
   39.600   -8.800 8
   39.600   -8.800 6
   39.600   -8.800 8
   39.600   -8.800 21
   39.600   -8.800 10
   39.600   -8.800 0
   39.600   -8.800 6
   39.600   -8.800 22
   39.600   -8.800 10
   39.600   -8.800 3
   39.600   -8.800 12
   39.600   -8.800 27
   39.600   -8.800 27
   39.600   -8.800 8
   39.600   -8.800 1
   39.600   -8.800 63
   39.600   -8.800 49
   39.600   -8.800 6
   39.600   -8.800 3
   39.600   -8.800 13
   39.600   -8.800 27
   39.600   -8.800 2
   39.600   -8.800 8
   39.600   -8.800 19
   39.600   -8.800 0
   39.600   -8.800 0
