   40.600   -7.800 3
   40.600   -7.800 1
   40.600   -7.800 0
   40.600   -7.800 12
   40.600   -7.800 17
   40.600   -7.800 4
   40.600   -7.800 2
   40.600   -7.800 0
   40.600   -7.800 9
   40.600   -7.800 5
   40.600   -7.800 17
   40.600   -7.800 1
   40.600   -7.800 0
   40.600   -7.800 0
   40.600   -7.800 1
   40.600   -7.800 3
   40.600   -7.800 0
   40.600   -7.800 0
   40.600   -7.800 3
   40.600   -7.800 2
   40.600   -7.800 1
   40.600   -7.800 0
   40.600   -7.800 0
   40.600   -7.800 0
   40.600   -7.800 0
   40.600   -7.800 16
   40.600   -7.800 23
   40.600   -7.800 1
   40.600   -7.800 0
   40.600   -7.800 0
