   40.600   -7.800 0
   40.600   -7.800 16
   40.600   -7.800 13
   40.600   -7.800 10
   40.600   -7.800 4
   40.600   -7.800 9
   40.600   -7.800 11
   40.600   -7.800 7
   40.600   -7.800 1
   40.600   -7.800 0
   40.600   -7.800 18
   40.600   -7.800 22
   40.600   -7.800 0
   40.600   -7.800 0
   40.600   -7.800 0
   40.600   -7.800 0
   40.600   -7.800 0
   40.600   -7.800 0
   40.600   -7.800 0
   40.600   -7.800 0
   40.600   -7.800 0
   40.600   -7.800 0
   40.600   -7.800 8
   40.600   -7.800 0
   40.600   -7.800 0
   40.600   -7.800 0
   40.600   -7.800 0
   40.600   -7.800 0
   40.600   -7.800 0
   40.600   -7.800 8
