   41.800   -8.800 0
   41.800   -8.800 4
   41.800   -8.800 14
   41.800   -8.800 19
   41.800   -8.800 21
   41.800   -8.800 22
   41.800   -8.800 22
   41.800   -8.800 16
   41.800   -8.800 24
   41.800   -8.800 7
   41.800   -8.800 9
   41.800   -8.800 12
   41.800   -8.800 5
   41.800   -8.800 4
   41.800   -8.800 0
   41.800   -8.800 9
   41.800   -8.800 13
   41.800   -8.800 29
   41.800   -8.800 20
   41.800   -8.800 22
   41.800   -8.800 5
   41.800   -8.800 22
   41.800   -8.800 17
   41.800   -8.800 14
   41.800   -8.800 5
   41.800   -8.800 4
   41.800   -8.800 7
   41.800   -8.800 0
