   38.200   -8.600 8
   38.200   -8.600 0
   38.200   -8.600 2
   38.200   -8.600 2
   38.200   -8.600 9
   38.200   -8.600 46
   38.200   -8.600 4
   38.200   -8.600 7
   38.200   -8.600 0
   38.200   -8.600 0
   38.200   -8.600 0
   38.200   -8.600 0
   38.200   -8.600 0
   38.200   -8.600 0
   38.200   -8.600 0
   38.200   -8.600 0
   38.200   -8.600 0
   38.200   -8.600 0
   38.200   -8.600 13
   38.200   -8.600 4
   38.200   -8.600 53
   38.200   -8.600 7
   38.200   -8.600 23
   38.200   -8.600 13
   38.200   -8.600 6
   38.200   -8.600 22
   38.200   -8.600 1
   38.200   -8.600 6
   38.200   -8.600 1
   38.200   -8.600 0
