   38.200   -8.600 14
   38.200   -8.600 18
   38.200   -8.600 5
   38.200   -8.600 0
   38.200   -8.600 0
   38.200   -8.600 0
   38.200   -8.600 1
   38.200   -8.600 18
   38.200   -8.600 9
   38.200   -8.600 0
   38.200   -8.600 0
   38.200   -8.600 0
   38.200   -8.600 22
   38.200   -8.600 6
   38.200   -8.600 15
   38.200   -8.600 3
   38.200   -8.600 1
   38.200   -8.600 1
   38.200   -8.600 0
   38.200   -8.600 0
   38.200   -8.600 5
   38.200   -8.600 3
   38.200   -8.600 0
   38.200   -8.600 0
   38.200   -8.600 5
   38.200   -8.600 6
   38.200   -8.600 0
   38.200   -8.600 5
   38.200   -8.600 11
   38.200   -8.600 2
