   38.800   -9.200 3
   38.800   -9.200 1
   38.800   -9.200 16
   38.800   -9.200 9
   38.800   -9.200 18
   38.800   -9.200 6
   38.800   -9.200 15
   38.800   -9.200 40
   38.800   -9.200 4
   38.800   -9.200 23
   38.800   -9.200 16
   38.800   -9.200 1
   38.800   -9.200 25
   38.800   -9.200 13
   38.800   -9.200 0
   38.800   -9.200 0
   38.800   -9.200 0
   38.800   -9.200 8
   38.800   -9.200 11
   38.800   -9.200 23
   38.800   -9.200 13
   38.800   -9.200 39
   38.800   -9.200 3
   38.800   -9.200 0
   38.800   -9.200 10
   38.800   -9.200 13
   38.800   -9.200 36
   38.800   -9.200 10
   38.800   -9.200 0
   38.800   -9.200 19
   38.800   -9.200 45
