   38.800   -9.200 1
   38.800   -9.200 5
   38.800   -9.200 0
   38.800   -9.200 1
   38.800   -9.200 30
   38.800   -9.200 25
   38.800   -9.200 0
   38.800   -9.200 3
   38.800   -9.200 0
   38.800   -9.200 2
   38.800   -9.200 0
   38.800   -9.200 0
   38.800   -9.200 0
   38.800   -9.200 15
   38.800   -9.200 33
   38.800   -9.200 33
   38.800   -9.200 12
   38.800   -9.200 2
   38.800   -9.200 3
   38.800   -9.200 0
   38.800   -9.200 0
   38.800   -9.200 0
   38.800   -9.200 0
   38.800   -9.200 0
   38.800   -9.200 0
   38.800   -9.200 0
   38.800   -9.200 0
   38.800   -9.200 0
   38.800   -9.200 0
   38.800   -9.200 0
   38.800   -9.200 0
