   41.800   -8.000 0
   41.800   -8.000 0
   41.800   -8.000 0
   41.800   -8.000 0
   41.800   -8.000 0
   41.800   -8.000 0
   41.800   -8.000 0
   41.800   -8.000 0
   41.800   -8.000 0
   41.800   -8.000 1
   41.800   -8.000 1
   41.800   -8.000 8
   41.800   -8.000 5
   41.800   -8.000 0
   41.800   -8.000 4
   41.800   -8.000 24
   41.800   -8.000 10
   41.800   -8.000 13
   41.800   -8.000 65
   41.800   -8.000 5
   41.800   -8.000 0
   41.800   -8.000 0
   41.800   -8.000 0
   41.800   -8.000 4
   41.800   -8.000 17
   41.800   -8.000 8
   41.800   -8.000 1
   41.800   -8.000 9
   41.800   -8.000 20
   41.800   -8.000 0
