   41.800   -8.000 0
   41.800   -8.000 0
   41.800   -8.000 8
   41.800   -8.000 1
   41.800   -8.000 0
   41.800   -8.000 0
   41.800   -8.000 0
   41.800   -8.000 0
   41.800   -8.000 3
   41.800   -8.000 1
   41.800   -8.000 2
   41.800   -8.000 8
   41.800   -8.000 8
   41.800   -8.000 24
   41.800   -8.000 26
   41.800   -8.000 2
   41.800   -8.000 0
   41.800   -8.000 0
   41.800   -8.000 0
   41.800   -8.000 0
   41.800   -8.000 0
   41.800   -8.000 0
   41.800   -8.000 0
   41.800   -8.000 2
   41.800   -8.000 0
   41.800   -8.000 2
   41.800   -8.000 14
   41.800   -8.000 16
   41.800   -8.000 3
   41.800   -8.000 0
