   38.000   -7.800 0
   38.000   -7.800 0
   38.000   -7.800 0
   38.000   -7.800 0
   38.000   -7.800 0
   38.000   -7.800 2
   38.000   -7.800 2
   38.000   -7.800 0
   38.000   -7.800 7
   38.000   -7.800 11
   38.000   -7.800 2
   38.000   -7.800 0
   38.000   -7.800 0
   38.000   -7.800 0
   38.000   -7.800 0
   38.000   -7.800 0
   38.000   -7.800 0
   38.000   -7.800 0
   38.000   -7.800 1
   38.000   -7.800 0
   38.000   -7.800 1
   38.000   -7.800 0
   38.000   -7.800 0
   38.000   -7.800 1
   38.000   -7.800 18
   38.000   -7.800 0
   38.000   -7.800 0
   38.000   -7.800 0
   38.000   -7.800 0
   38.000   -7.800 0
   38.000   -7.800 0
