   38.600   -7.400 0
   38.600   -7.400 1
   38.600   -7.400 0
   38.600   -7.400 28
   38.600   -7.400 13
   38.600   -7.400 10
   38.600   -7.400 0
   38.600   -7.400 41
   38.600   -7.400 0
   38.600   -7.400 6
   38.600   -7.400 5
   38.600   -7.400 3
   38.600   -7.400 7
   38.600   -7.400 33
   38.600   -7.400 1
   38.600   -7.400 0
   38.600   -7.400 0
   38.600   -7.400 0
   38.600   -7.400 5
   38.600   -7.400 13
   38.600   -7.400 7
   38.600   -7.400 22
   38.600   -7.400 4
   38.600   -7.400 0
   38.600   -7.400 10
   38.600   -7.400 5
   38.600   -7.400 24
   38.600   -7.400 15
   38.600   -7.400 0
   38.600   -7.400 0
   38.600   -7.400 14
