   38.600   -7.400 0
   38.600   -7.400 0
   38.600   -7.400 0
   38.600   -7.400 1
   38.600   -7.400 0
   38.600   -7.400 0
   38.600   -7.400 0
   38.600   -7.400 0
   38.600   -7.400 0
   38.600   -7.400 30
   38.600   -7.400 8
   38.600   -7.400 31
   38.600   -7.400 20
   38.600   -7.400 0
   38.600   -7.400 10
   38.600   -7.400 16
   38.600   -7.400 23
   38.600   -7.400 10
   38.600   -7.400 20
   38.600   -7.400 33
   38.600   -7.400 17
   38.600   -7.400 7
   38.600   -7.400 10
   38.600   -7.400 1
   38.600   -7.400 0
   38.600   -7.400 1
   38.600   -7.400 0
   38.600   -7.400 10
   38.600   -7.400 4
   38.600   -7.400 5
