   40.600   -7.200 8
   40.600   -7.200 9
   40.600   -7.200 19
   40.600   -7.200 14
   40.600   -7.200 20
   40.600   -7.200 6
   40.600   -7.200 3
   40.600   -7.200 7
   40.600   -7.200 7
   40.600   -7.200 19
   40.600   -7.200 6
   40.600   -7.200 1
   40.600   -7.200 0
   40.600   -7.200 0
   40.600   -7.200 4
   40.600   -7.200 9
   40.600   -7.200 7
   40.600   -7.200 4
   40.600   -7.200 0
   40.600   -7.200 1
   40.600   -7.200 4
   40.600   -7.200 13
   40.600   -7.200 19
   40.600   -7.200 13
   40.600   -7.200 15
   40.600   -7.200 26
   40.600   -7.200 8
   40.600   -7.200 2
   40.600   -7.200 0
   40.600   -7.200 0
   40.600   -7.200 0
