   41.600   -8.200 55
   41.600   -8.200 32
   41.600   -8.200 27
   41.600   -8.200 16
   41.600   -8.200 17
   41.600   -8.200 8
   41.600   -8.200 12
   41.600   -8.200 25
   41.600   -8.200 42
   41.600   -8.200 152
   41.600   -8.200 39
   41.600   -8.200 27
   41.600   -8.200 0
   41.600   -8.200 4
   41.600   -8.200 13
   41.600   -8.200 3
   41.600   -8.200 0
   41.600   -8.200 2
   41.600   -8.200 9
   41.600   -8.200 1
   41.600   -8.200 0
   41.600   -8.200 0
   41.600   -8.200 0
   41.600   -8.200 3
   41.600   -8.200 13
   41.600   -8.200 5
   41.600   -8.200 1
   41.600   -8.200 0
   41.600   -8.200 1
