   41.600   -8.200 1
   41.600   -8.200 14
   41.600   -8.200 27
   41.600   -8.200 35
   41.600   -8.200 46
   41.600   -8.200 23
   41.600   -8.200 13
   41.600   -8.200 1
   41.600   -8.200 1
   41.600   -8.200 0
   41.600   -8.200 0
   41.600   -8.200 4
   41.600   -8.200 2
   41.600   -8.200 1
   41.600   -8.200 0
   41.600   -8.200 0
   41.600   -8.200 2
   41.600   -8.200 13
   41.600   -8.200 30
   41.600   -8.200 10
   41.600   -8.200 0
   41.600   -8.200 0
   41.600   -8.200 3
   41.600   -8.200 0
   41.600   -8.200 6
   41.600   -8.200 0
   41.600   -8.200 0
   41.600   -8.200 0
   41.600   -8.200 0
   41.600   -8.200 1
   41.600   -8.200 0
