   40.200   -7.800 0
   40.200   -7.800 5
   40.200   -7.800 16
   40.200   -7.800 41
   40.200   -7.800 10
   40.200   -7.800 16
   40.200   -7.800 7
   40.200   -7.800 17
   40.200   -7.800 16
   40.200   -7.800 4
   40.200   -7.800 8
   40.200   -7.800 8
   40.200   -7.800 7
   40.200   -7.800 0
   40.200   -7.800 0
   40.200   -7.800 1
   40.200   -7.800 8
   40.200   -7.800 34
   40.200   -7.800 12
   40.200   -7.800 44
   40.200   -7.800 0
   40.200   -7.800 9
   40.200   -7.800 22
   40.200   -7.800 2
   40.200   -7.800 0
   40.200   -7.800 1
   40.200   -7.800 2
   40.200   -7.800 0
