   40.200   -7.800 0
   40.200   -7.800 0
   40.200   -7.800 0
   40.200   -7.800 0
   40.200   -7.800 0
   40.200   -7.800 18
   40.200   -7.800 19
   40.200   -7.800 17
   40.200   -7.800 36
   40.200   -7.800 63
   40.200   -7.800 25
   40.200   -7.800 37
   40.200   -7.800 4
   40.200   -7.800 18
   40.200   -7.800 30
   40.200   -7.800 18
   40.200   -7.800 13
   40.200   -7.800 7
   40.200   -7.800 4
   40.200   -7.800 0
   40.200   -7.800 0
   40.200   -7.800 0
   40.200   -7.800 0
   40.200   -7.800 0
   40.200   -7.800 0
   40.200   -7.800 0
   40.200   -7.800 0
   40.200   -7.800 0
   40.200   -7.800 0
   40.200   -7.800 0
   40.200   -7.800 0
