   40.200   -7.800 0
   40.200   -7.800 3
   40.200   -7.800 3
   40.200   -7.800 16
   40.200   -7.800 25
   40.200   -7.800 14
   40.200   -7.800 0
   40.200   -7.800 0
   40.200   -7.800 1
   40.200   -7.800 0
   40.200   -7.800 0
   40.200   -7.800 0
   40.200   -7.800 0
   40.200   -7.800 0
   40.200   -7.800 0
   40.200   -7.800 0
   40.200   -7.800 0
   40.200   -7.800 0
   40.200   -7.800 9
   40.200   -7.800 24
   40.200   -7.800 23
   40.200   -7.800 2
   40.200   -7.800 4
   40.200   -7.800 6
   40.200   -7.800 3
   40.200   -7.800 17
   40.200   -7.800 0
   40.200   -7.800 0
   40.200   -7.800 0
   40.200   -7.800 6
   40.200   -7.800 0
