   40.600   -7.800 5
   40.600   -7.800 1
   40.600   -7.800 4
   40.600   -7.800 17
   40.600   -7.800 0
   40.600   -7.800 14
   40.600   -7.800 11
   40.600   -7.800 0
   40.600   -7.800 0
   40.600   -7.800 6
   40.600   -7.800 1
   40.600   -7.800 0
   40.600   -7.800 8
   40.600   -7.800 1
   40.600   -7.800 1
   40.600   -7.800 32
   40.600   -7.800 13
   40.600   -7.800 14
   40.600   -7.800 18
   40.600   -7.800 9
   40.600   -7.800 14
   40.600   -7.800 0
   40.600   -7.800 0
   40.600   -7.800 0
   40.600   -7.800 0
   40.600   -7.800 0
   40.600   -7.800 0
   40.600   -7.800 0
   40.600   -7.800 1
   40.600   -7.800 0
   40.600   -7.800 0
