   38.800   -8.600 0
   38.800   -8.600 0
   38.800   -8.600 0
   38.800   -8.600 0
   38.800   -8.600 0
   38.800   -8.600 0
   38.800   -8.600 0
   38.800   -8.600 0
   38.800   -8.600 0
   38.800   -8.600 5
   38.800   -8.600 14
   38.800   -8.600 0
   38.800   -8.600 0
   38.800   -8.600 0
   38.800   -8.600 0
   38.800   -8.600 0
   38.800   -8.600 0
   38.800   -8.600 0
   38.800   -8.600 0
   38.800   -8.600 1
   38.800   -8.600 9
   38.800   -8.600 7
   38.800   -8.600 9
   38.800   -8.600 17
   38.800   -8.600 26
   38.800   -8.600 23
   38.800   -8.600 4
   38.800   -8.600 5
   38.800   -8.600 7
   38.800   -8.600 0
   38.800   -8.600 0
