   40.200   -7.800 49
   40.200   -7.800 5
   40.200   -7.800 4
   40.200   -7.800 38
   40.200   -7.800 13
   40.200   -7.800 7
   40.200   -7.800 5
   40.200   -7.800 4
   40.200   -7.800 0
   40.200   -7.800 0
   40.200   -7.800 2
   40.200   -7.800 38
   40.200   -7.800 1
   40.200   -7.800 0
   40.200   -7.800 0
   40.200   -7.800 0
   40.200   -7.800 0
   40.200   -7.800 9
   40.200   -7.800 33
   40.200   -7.800 16
   40.200   -7.800 59
   40.200   -7.800 20
   40.200   -7.800 29
   40.200   -7.800 29
   40.200   -7.800 12
   40.200   -7.800 8
   40.200   -7.800 2
   40.200   -7.800 5
   40.200   -7.800 16
   40.200   -7.800 15
   40.200   -7.800 22
