   40.200   -7.800 14
   40.200   -7.800 0
   40.200   -7.800 0
   40.200   -7.800 0
   40.200   -7.800 20
   40.200   -7.800 45
   40.200   -7.800 19
   40.200   -7.800 0
   40.200   -7.800 2
   40.200   -7.800 1
   40.200   -7.800 1
   40.200   -7.800 13
   40.200   -7.800 11
   40.200   -7.800 0
   40.200   -7.800 0
   40.200   -7.800 0
   40.200   -7.800 0
   40.200   -7.800 0
   40.200   -7.800 9
   40.200   -7.800 0
   40.200   -7.800 0
   40.200   -7.800 0
   40.200   -7.800 4
   40.200   -7.800 0
   40.200   -7.800 1
   40.200   -7.800 34
   40.200   -7.800 3
   40.200   -7.800 12
   40.200   -7.800 2
   40.200   -7.800 6
