   40.200   -7.800 0
   40.200   -7.800 0
   40.200   -7.800 4
   40.200   -7.800 14
   40.200   -7.800 53
   40.200   -7.800 3
   40.200   -7.800 0
   40.200   -7.800 0
   40.200   -7.800 10
   40.200   -7.800 7
   40.200   -7.800 11
   40.200   -7.800 8
   40.200   -7.800 1
   40.200   -7.800 0
   40.200   -7.800 4
   40.200   -7.800 54
   40.200   -7.800 45
   40.200   -7.800 15
   40.200   -7.800 0
   40.200   -7.800 18
   40.200   -7.800 17
   40.200   -7.800 22
   40.200   -7.800 32
   40.200   -7.800 17
   40.200   -7.800 0
   40.200   -7.800 0
   40.200   -7.800 0
   40.200   -7.800 2
   40.200   -7.800 2
