   40.200   -7.800 1
   40.200   -7.800 0
   40.200   -7.800 0
   40.200   -7.800 0
   40.200   -7.800 2
   40.200   -7.800 8
   40.200   -7.800 27
   40.200   -7.800 16
   40.200   -7.800 28
   40.200   -7.800 11
   40.200   -7.800 11
   40.200   -7.800 10
   40.200   -7.800 34
   40.200   -7.800 38
   40.200   -7.800 4
   40.200   -7.800 1
   40.200   -7.800 0
   40.200   -7.800 0
   40.200   -7.800 0
   40.200   -7.800 0
   40.200   -7.800 0
   40.200   -7.800 0
   40.200   -7.800 3
   40.200   -7.800 10
   40.200   -7.800 26
   40.200   -7.800 3
   40.200   -7.800 1
   40.200   -7.800 1
   40.200   -7.800 6
   40.200   -7.800 2
   40.200   -7.800 2
