   41.800   -8.800 4
   41.800   -8.800 0
   41.800   -8.800 0
   41.800   -8.800 0
   41.800   -8.800 0
   41.800   -8.800 0
   41.800   -8.800 0
   41.800   -8.800 4
   41.800   -8.800 8
   41.800   -8.800 0
   41.800   -8.800 10
   41.800   -8.800 20
   41.800   -8.800 1
   41.800   -8.800 18
   41.800   -8.800 1
   41.800   -8.800 0
   41.800   -8.800 0
   41.800   -8.800 0
   41.800   -8.800 0
   41.800   -8.800 0
   41.800   -8.800 0
   41.800   -8.800 0
   41.800   -8.800 0
   41.800   -8.800 0
   41.800   -8.800 37
   41.800   -8.800 13
   41.800   -8.800 17
   41.800   -8.800 6
   41.800   -8.800 0
   41.800   -8.800 2
   41.800   -8.800 5
