   40.200   -7.800 78
   40.200   -7.800 7
   40.200   -7.800 6
   40.200   -7.800 2
   40.200   -7.800 0
   40.200   -7.800 0
   40.200   -7.800 0
   40.200   -7.800 0
   40.200   -7.800 20
   40.200   -7.800 22
   40.200   -7.800 0
   40.200   -7.800 7
   40.200   -7.800 24
   40.200   -7.800 0
   40.200   -7.800 0
   40.200   -7.800 15
   40.200   -7.800 2
   40.200   -7.800 0
   40.200   -7.800 0
   40.200   -7.800 0
   40.200   -7.800 1
   40.200   -7.800 0
   40.200   -7.800 0
   40.200   -7.800 0
   40.200   -7.800 0
   40.200   -7.800 0
   40.200   -7.800 0
   40.200   -7.800 0
   40.200   -7.800 0
   40.200   -7.800 0
   40.200   -7.800 0
