   40.200   -7.800 4
   40.200   -7.800 24
   40.200   -7.800 5
   40.200   -7.800 0
   40.200   -7.800 19
   40.200   -7.800 7
   40.200   -7.800 14
   40.200   -7.800 20
   40.200   -7.800 1
   40.200   -7.800 0
   40.200   -7.800 0
   40.200   -7.800 0
   40.200   -7.800 0
   40.200   -7.800 0
   40.200   -7.800 0
   40.200   -7.800 0
   40.200   -7.800 1
   40.200   -7.800 33
   40.200   -7.800 2
   40.200   -7.800 25
   40.200   -7.800 9
   40.200   -7.800 4
   40.200   -7.800 0
   40.200   -7.800 0
   40.200   -7.800 0
   40.200   -7.800 0
   40.200   -7.800 0
   40.200   -7.800 0
   40.200   -7.800 0
   40.200   -7.800 0
   40.200   -7.800 0
