   40.600   -8.600 3
   40.600   -8.600 0
   40.600   -8.600 0
   40.600   -8.600 12
   40.600   -8.600 23
   40.600   -8.600 0
   40.600   -8.600 4
   40.600   -8.600 34
   40.600   -8.600 7
   40.600   -8.600 8
   40.600   -8.600 7
   40.600   -8.600 4
   40.600   -8.600 2
   40.600   -8.600 0
   40.600   -8.600 0
   40.600   -8.600 0
   40.600   -8.600 0
   40.600   -8.600 0
   40.600   -8.600 0
   40.600   -8.600 0
   40.600   -8.600 10
   40.600   -8.600 8
   40.600   -8.600 8
   40.600   -8.600 6
   40.600   -8.600 20
   40.600   -8.600 10
   40.600   -8.600 1
   40.600   -8.600 0
   40.600   -8.600 1
   40.600   -8.600 0
   40.600   -8.600 0
