   40.600   -8.600 0
   40.600   -8.600 2
   40.600   -8.600 52
   40.600   -8.600 16
   40.600   -8.600 20
   40.600   -8.600 15
   40.600   -8.600 42
   40.600   -8.600 12
   40.600   -8.600 10
   40.600   -8.600 15
   40.600   -8.600 3
   40.600   -8.600 1
   40.600   -8.600 0
   40.600   -8.600 0
   40.600   -8.600 9
   40.600   -8.600 28
   40.600   -8.600 10
   40.600   -8.600 3
   40.600   -8.600 7
   40.600   -8.600 0
   40.600   -8.600 1
   40.600   -8.600 2
   40.600   -8.600 0
   40.600   -8.600 0
   40.600   -8.600 0
   40.600   -8.600 0
   40.600   -8.600 0
   40.600   -8.600 0
   40.600   -8.600 0
   40.600   -8.600 0
