   40.600   -8.600 0
   40.600   -8.600 0
   40.600   -8.600 0
   40.600   -8.600 0
   40.600   -8.600 5
   40.600   -8.600 16
   40.600   -8.600 16
   40.600   -8.600 29
   40.600   -8.600 35
   40.600   -8.600 19
   40.600   -8.600 19
   40.600   -8.600 4
   40.600   -8.600 18
   40.600   -8.600 37
   40.600   -8.600 9
   40.600   -8.600 0
   40.600   -8.600 7
   40.600   -8.600 12
   40.600   -8.600 0
   40.600   -8.600 0
   40.600   -8.600 0
   40.600   -8.600 0
   40.600   -8.600 0
   40.600   -8.600 0
   40.600   -8.600 0
   40.600   -8.600 0
   40.600   -8.600 2
   40.600   -8.600 1
   40.600   -8.600 0
   40.600   -8.600 0
   40.600   -8.600 0
