   38.800   -8.600 0
   38.800   -8.600 0
   38.800   -8.600 0
   38.800   -8.600 0
   38.800   -8.600 0
   38.800   -8.600 0
   38.800   -8.600 0
   38.800   -8.600 0
   38.800   -8.600 0
   38.800   -8.600 0
   38.800   -8.600 0
   38.800   -8.600 8
   38.800   -8.600 14
   38.800   -8.600 15
   38.800   -8.600 10
   38.800   -8.600 0
   38.800   -8.600 0
   38.800   -8.600 0
   38.800   -8.600 0
   38.800   -8.600 0
   38.800   -8.600 0
   38.800   -8.600 0
   38.800   -8.600 0
   38.800   -8.600 0
   38.800   -8.600 0
   38.800   -8.600 0
   38.800   -8.600 0
   38.800   -8.600 0
   38.800   -8.600 0
   38.800   -8.600 0
   38.800   -8.600 0
