   40.600   -7.200 34
   40.600   -7.200 29
   40.600   -7.200 12
   40.600   -7.200 6
   40.600   -7.200 9
   40.600   -7.200 32
   40.600   -7.200 2
   40.600   -7.200 3
   40.600   -7.200 0
   40.600   -7.200 2
   40.600   -7.200 0
   40.600   -7.200 9
   40.600   -7.200 1
   40.600   -7.200 11
   40.600   -7.200 2
   40.600   -7.200 0
   40.600   -7.200 0
   40.600   -7.200 1
   40.600   -7.200 0
   40.600   -7.200 0
   40.600   -7.200 0
   40.600   -7.200 0
   40.600   -7.200 0
   40.600   -7.200 0
   40.600   -7.200 0
   40.600   -7.200 0
   40.600   -7.200 0
   40.600   -7.200 0
   40.600   -7.200 0
