   41.800   -8.800 17
   41.800   -8.800 12
   41.800   -8.800 11
   41.800   -8.800 24
   41.800   -8.800 31
   41.800   -8.800 13
   41.800   -8.800 26
   41.800   -8.800 42
   41.800   -8.800 41
   41.800   -8.800 21
   41.800   -8.800 19
   41.800   -8.800 4
   41.800   -8.800 17
   41.800   -8.800 7
   41.800   -8.800 15
   41.800   -8.800 1
   41.800   -8.800 0
   41.800   -8.800 0
   41.800   -8.800 1
   41.800   -8.800 0
   41.800   -8.800 0
   41.800   -8.800 0
   41.800   -8.800 0
   41.800   -8.800 0
   41.800   -8.800 0
   41.800   -8.800 0
   41.800   -8.800 0
   41.800   -8.800 0
   41.800   -8.800 0
   41.800   -8.800 0
   41.800   -8.800 0
