   41.800   -8.800 35
   41.800   -8.800 30
   41.800   -8.800 0
   41.800   -8.800 23
   41.800   -8.800 38
   41.800   -8.800 23
   41.800   -8.800 48
   41.800   -8.800 25
   41.800   -8.800 3
   41.800   -8.800 10
   41.800   -8.800 0
   41.800   -8.800 0
   41.800   -8.800 0
   41.800   -8.800 0
   41.800   -8.800 0
   41.800   -8.800 0
   41.800   -8.800 0
   41.800   -8.800 0
   41.800   -8.800 0
   41.800   -8.800 0
   41.800   -8.800 0
   41.800   -8.800 0
   41.800   -8.800 0
   41.800   -8.800 0
   41.800   -8.800 0
   41.800   -8.800 0
   41.800   -8.800 0
   41.800   -8.800 1
   41.800   -8.800 0
   41.800   -8.800 1
