   39.800   -7.800 6
   39.800   -7.800 9
   39.800   -7.800 5
   39.800   -7.800 20
   39.800   -7.800 22
   39.800   -7.800 13
   39.800   -7.800 3
   39.800   -7.800 0
   39.800   -7.800 0
   39.800   -7.800 1
   39.800   -7.800 5
   39.800   -7.800 0
   39.800   -7.800 0
   39.800   -7.800 0
   39.800   -7.800 0
   39.800   -7.800 0
   39.800   -7.800 0
   39.800   -7.800 0
   39.800   -7.800 0
   39.800   -7.800 0
   39.800   -7.800 1
   39.800   -7.800 0
   39.800   -7.800 0
   39.800   -7.800 0
   39.800   -7.800 5
   39.800   -7.800 27
   39.800   -7.800 18
   39.800   -7.800 8
   39.800   -7.800 0
   39.800   -7.800 0
