   39.600   -8.800 0
   39.600   -8.800 2
   39.600   -8.800 12
   39.600   -8.800 1
   39.600   -8.800 6
   39.600   -8.800 6
   39.600   -8.800 26
   39.600   -8.800 3
   39.600   -8.800 6
   39.600   -8.800 14
   39.600   -8.800 16
   39.600   -8.800 47
   39.600   -8.800 13
   39.600   -8.800 3
   39.600   -8.800 1
   39.600   -8.800 3
   39.600   -8.800 9
   39.600   -8.800 2
   39.600   -8.800 0
   39.600   -8.800 0
   39.600   -8.800 0
   39.600   -8.800 3
   39.600   -8.800 0
   39.600   -8.800 0
   39.600   -8.800 0
   39.600   -8.800 0
   39.600   -8.800 0
   39.600   -8.800 0
   39.600   -8.800 0
   39.600   -8.800 0
