   40.600   -8.600 0
   40.600   -8.600 0
   40.600   -8.600 0
   40.600   -8.600 0
   40.600   -8.600 5
   40.600   -8.600 0
   40.600   -8.600 0
   40.600   -8.600 4
   40.600   -8.600 0
   40.600   -8.600 34
   40.600   -8.600 32
   40.600   -8.600 8
   40.600   -8.600 15
   40.600   -8.600 20
   40.600   -8.600 11
   40.600   -8.600 11
   40.600   -8.600 2
   40.600   -8.600 0
   40.600   -8.600 4
   40.600   -8.600 5
   40.600   -8.600 2
   40.600   -8.600 0
   40.600   -8.600 0
   40.600   -8.600 0
   40.600   -8.600 0
   40.600   -8.600 0
   40.600   -8.600 0
   40.600   -8.600 0
   40.600   -8.600 0
   40.600   -8.600 0
   40.600   -8.600 0
