   38.800   -9.200 6
   38.800   -9.200 7
   38.800   -9.200 4
   38.800   -9.200 5
   38.800   -9.200 0
   38.800   -9.200 11
   38.800   -9.200 15
   38.800   -9.200 2
   38.800   -9.200 2
   38.800   -9.200 0
   38.800   -9.200 0
   38.800   -9.200 0
   38.800   -9.200 0
   38.800   -9.200 0
   38.800   -9.200 0
   38.800   -9.200 0
   38.800   -9.200 0
   38.800   -9.200 0
   38.800   -9.200 0
   38.800   -9.200 1
   38.800   -9.200 0
   38.800   -9.200 0
   38.800   -9.200 0
   38.800   -9.200 0
   38.800   -9.200 0
   38.800   -9.200 0
   38.800   -9.200 0
   38.800   -9.200 6
   38.800   -9.200 13
   38.800   -9.200 12
   38.800   -9.200 6
