   39.600   -8.800 1
   39.600   -8.800 0
   39.600   -8.800 6
   39.600   -8.800 11
   39.600   -8.800 0
   39.600   -8.800 6
   39.600   -8.800 7
   39.600   -8.800 2
   39.600   -8.800 1
   39.600   -8.800 7
   39.600   -8.800 0
   39.600   -8.800 0
   39.600   -8.800 6
   39.600   -8.800 0
   39.600   -8.800 1
   39.600   -8.800 25
   39.600   -8.800 14
   39.600   -8.800 24
   39.600   -8.800 12
   39.600   -8.800 7
   39.600   -8.800 4
   39.600   -8.800 0
   39.600   -8.800 0
   39.600   -8.800 0
   39.600   -8.800 0
   39.600   -8.800 2
   39.600   -8.800 20
   39.600   -8.800 0
   39.600   -8.800 0
   39.600   -8.800 0
   39.600   -8.800 0
