   41.200   -7.200 7
   41.200   -7.200 0
   41.200   -7.200 0
   41.200   -7.200 0
   41.200   -7.200 14
   41.200   -7.200 11
   41.200   -7.200 0
   41.200   -7.200 0
   41.200   -7.200 0
   41.200   -7.200 0
   41.200   -7.200 0
   41.200   -7.200 0
   41.200   -7.200 0
   41.200   -7.200 12
   41.200   -7.200 0
   41.200   -7.200 0
   41.200   -7.200 0
   41.200   -7.200 0
   41.200   -7.200 0
   41.200   -7.200 0
   41.200   -7.200 1
   41.200   -7.200 0
   41.200   -7.200 0
   41.200   -7.200 7
   41.200   -7.200 33
   41.200   -7.200 6
   41.200   -7.200 0
   41.200   -7.200 0
   41.200   -7.200 0
