   40.600   -7.800 2
   40.600   -7.800 1
   40.600   -7.800 0
   40.600   -7.800 0
   40.600   -7.800 16
   40.600   -7.800 13
   40.600   -7.800 0
   40.600   -7.800 1
   40.600   -7.800 17
   40.600   -7.800 20
   40.600   -7.800 0
   40.600   -7.800 0
   40.600   -7.800 3
   40.600   -7.800 3
   40.600   -7.800 7
   40.600   -7.800 11
   40.600   -7.800 28
   40.600   -7.800 7
   40.600   -7.800 5
   40.600   -7.800 0
   40.600   -7.800 0
   40.600   -7.800 0
   40.600   -7.800 0
   40.600   -7.800 0
   40.600   -7.800 0
   40.600   -7.800 0
   40.600   -7.800 0
   40.600   -7.800 0
   40.600   -7.800 0
   40.600   -7.800 0
   40.600   -7.800 0
