   38.600   -7.400 0
   38.600   -7.400 0
   38.600   -7.400 0
   38.600   -7.400 0
   38.600   -7.400 0
   38.600   -7.400 0
   38.600   -7.400 0
   38.600   -7.400 0
   38.600   -7.400 0
   38.600   -7.400 0
   38.600   -7.400 1
   38.600   -7.400 6
   38.600   -7.400 14
   38.600   -7.400 5
   38.600   -7.400 26
   38.600   -7.400 7
   38.600   -7.400 13
   38.600   -7.400 5
   38.600   -7.400 3
   38.600   -7.400 4
   38.600   -7.400 7
   38.600   -7.400 10
   38.600   -7.400 28
   38.600   -7.400 6
   38.600   -7.400 15
   38.600   -7.400 2
   38.600   -7.400 6
   38.600   -7.400 3
   38.600   -7.400 0
