   38.600   -7.400 0
   38.600   -7.400 0
   38.600   -7.400 0
   38.600   -7.400 0
   38.600   -7.400 0
   38.600   -7.400 0
   38.600   -7.400 0
   38.600   -7.400 4
   38.600   -7.400 0
   38.600   -7.400 0
   38.600   -7.400 1
   38.600   -7.400 1
   38.600   -7.400 0
   38.600   -7.400 0
   38.600   -7.400 5
   38.600   -7.400 9
   38.600   -7.400 0
   38.600   -7.400 5
   38.600   -7.400 21
   38.600   -7.400 4
   38.600   -7.400 2
   38.600   -7.400 5
   38.600   -7.400 0
   38.600   -7.400 0
   38.600   -7.400 22
   38.600   -7.400 17
   38.600   -7.400 22
   38.600   -7.400 20
   38.600   -7.400 5
