   39.800   -7.800 11
   39.800   -7.800 14
   39.800   -7.800 32
   39.800   -7.800 2
   39.800   -7.800 0
   39.800   -7.800 3
   39.800   -7.800 4
   39.800   -7.800 23
   39.800   -7.800 0
   39.800   -7.800 0
   39.800   -7.800 0
   39.800   -7.800 0
   39.800   -7.800 0
   39.800   -7.800 6
   39.800   -7.800 48
   39.800   -7.800 14
   39.800   -7.800 1
   39.800   -7.800 7
   39.800   -7.800 0
   39.800   -7.800 0
   39.800   -7.800 0
   39.800   -7.800 0
   39.800   -7.800 0
   39.800   -7.800 0
   39.800   -7.800 0
   39.800   -7.800 0
   39.800   -7.800 0
   39.800   -7.800 0
   39.800   -7.800 0
   39.800   -7.800 0
   39.800   -7.800 0
