   38.800   -8.600 0
   38.800   -8.600 0
   38.800   -8.600 0
   38.800   -8.600 0
   38.800   -8.600 0
   38.800   -8.600 0
   38.800   -8.600 0
   38.800   -8.600 0
   38.800   -8.600 0
   38.800   -8.600 22
   38.800   -8.600 9
   38.800   -8.600 19
   38.800   -8.600 33
   38.800   -8.600 38
   38.800   -8.600 23
   38.800   -8.600 6
   38.800   -8.600 14
   38.800   -8.600 19
   38.800   -8.600 11
   38.800   -8.600 0
   38.800   -8.600 0
   38.800   -8.600 0
   38.800   -8.600 0
   38.800   -8.600 0
   38.800   -8.600 0
   38.800   -8.600 0
   38.800   -8.600 0
   38.800   -8.600 2
   38.800   -8.600 0
