   40.600   -8.600 3
   40.600   -8.600 3
   40.600   -8.600 33
   40.600   -8.600 7
   40.600   -8.600 12
   40.600   -8.600 6
   40.600   -8.600 0
   40.600   -8.600 0
   40.600   -8.600 0
   40.600   -8.600 0
   40.600   -8.600 0
   40.600   -8.600 0
   40.600   -8.600 0
   40.600   -8.600 0
   40.600   -8.600 0
   40.600   -8.600 0
   40.600   -8.600 0
   40.600   -8.600 0
   40.600   -8.600 0
   40.600   -8.600 0
   40.600   -8.600 0
   40.600   -8.600 0
   40.600   -8.600 3
   40.600   -8.600 0
   40.600   -8.600 0
   40.600   -8.600 0
   40.600   -8.600 0
   40.600   -8.600 0
   40.600   -8.600 0
   40.600   -8.600 0
   40.600   -8.600 0
