   41.800   -8.800 0
   41.800   -8.800 0
   41.800   -8.800 9
   41.800   -8.800 33
   41.800   -8.800 10
   41.800   -8.800 0
   41.800   -8.800 0
   41.800   -8.800 0
   41.800   -8.800 2
   41.800   -8.800 9
   41.800   -8.800 10
   41.800   -8.800 1
   41.800   -8.800 0
   41.800   -8.800 0
   41.800   -8.800 1
   41.800   -8.800 0
   41.800   -8.800 1
   41.800   -8.800 1
   41.800   -8.800 0
   41.800   -8.800 0
   41.800   -8.800 0
   41.800   -8.800 0
   41.800   -8.800 0
   41.800   -8.800 0
   41.800   -8.800 8
   41.800   -8.800 68
   41.800   -8.800 9
   41.800   -8.800 0
   41.800   -8.800 2
   41.800   -8.800 25
   41.800   -8.800 20
