   40.600   -8.600 18
   40.600   -8.600 42
   40.600   -8.600 2
   40.600   -8.600 0
   40.600   -8.600 1
   40.600   -8.600 0
   40.600   -8.600 0
   40.600   -8.600 0
   40.600   -8.600 0
   40.600   -8.600 0
   40.600   -8.600 12
   40.600   -8.600 17
   40.600   -8.600 20
   40.600   -8.600 4
   40.600   -8.600 7
   40.600   -8.600 14
   40.600   -8.600 4
   40.600   -8.600 14
   40.600   -8.600 10
   40.600   -8.600 0
   40.600   -8.600 8
   40.600   -8.600 13
   40.600   -8.600 16
   40.600   -8.600 1
   40.600   -8.600 0
   40.600   -8.600 0
   40.600   -8.600 0
   40.600   -8.600 0
   40.600   -8.600 0
   40.600   -8.600 0
   40.600   -8.600 0
