   40.600   -8.600 14
   40.600   -8.600 45
   40.600   -8.600 14
   40.600   -8.600 3
   40.600   -8.600 20
   40.600   -8.600 20
   40.600   -8.600 9
   40.600   -8.600 19
   40.600   -8.600 2
   40.600   -8.600 0
   40.600   -8.600 0
   40.600   -8.600 0
   40.600   -8.600 0
   40.600   -8.600 0
   40.600   -8.600 0
   40.600   -8.600 0
   40.600   -8.600 2
   40.600   -8.600 52
   40.600   -8.600 9
   40.600   -8.600 25
   40.600   -8.600 11
   40.600   -8.600 0
   40.600   -8.600 0
   40.600   -8.600 0
   40.600   -8.600 0
   40.600   -8.600 0
   40.600   -8.600 0
   40.600   -8.600 0
   40.600   -8.600 0
   40.600   -8.600 2
   40.600   -8.600 0
