   40.600   -8.600 0
   40.600   -8.600 0
   40.600   -8.600 1
   40.600   -8.600 1
   40.600   -8.600 0
   40.600   -8.600 12
   40.600   -8.600 0
   40.600   -8.600 0
   40.600   -8.600 0
   40.600   -8.600 0
   40.600   -8.600 0
   40.600   -8.600 0
   40.600   -8.600 0
   40.600   -8.600 0
   40.600   -8.600 0
   40.600   -8.600 0
   40.600   -8.600 7
   40.600   -8.600 27
   40.600   -8.600 13
   40.600   -8.600 0
   40.600   -8.600 13
   40.600   -8.600 5
   40.600   -8.600 4
   40.600   -8.600 26
   40.600   -8.600 1
   40.600   -8.600 19
   40.600   -8.600 7
   40.600   -8.600 18
   40.600   -8.600 1
