   40.600   -8.600 9
   40.600   -8.600 0
   40.600   -8.600 0
   40.600   -8.600 1
   40.600   -8.600 0
   40.600   -8.600 0
   40.600   -8.600 0
   40.600   -8.600 0
   40.600   -8.600 0
   40.600   -8.600 0
   40.600   -8.600 0
   40.600   -8.600 0
   40.600   -8.600 0
   40.600   -8.600 0
   40.600   -8.600 0
   40.600   -8.600 1
   40.600   -8.600 0
   40.600   -8.600 0
   40.600   -8.600 0
   40.600   -8.600 0
   40.600   -8.600 0
   40.600   -8.600 0
   40.600   -8.600 19
   40.600   -8.600 4
   40.600   -8.600 13
   40.600   -8.600 2
   40.600   -8.600 1
   40.600   -8.600 23
   40.600   -8.600 0
   40.600   -8.600 0
   40.600   -8.600 0
