   41.600   -8.200 0
   41.600   -8.200 0
   41.600   -8.200 10
   41.600   -8.200 10
   41.600   -8.200 0
   41.600   -8.200 0
   41.600   -8.200 0
   41.600   -8.200 0
   41.600   -8.200 0
   41.600   -8.200 0
   41.600   -8.200 0
   41.600   -8.200 0
   41.600   -8.200 0
   41.600   -8.200 0
   41.600   -8.200 1
   41.600   -8.200 38
   41.600   -8.200 30
   41.600   -8.200 10
   41.600   -8.200 31
   41.600   -8.200 27
   41.600   -8.200 34
   41.600   -8.200 39
   41.600   -8.200 1
   41.600   -8.200 26
   41.600   -8.200 31
   41.600   -8.200 5
   41.600   -8.200 10
   41.600   -8.200 2
   41.600   -8.200 0
   41.600   -8.200 0
   41.600   -8.200 2
