   41.600   -8.200 16
   41.600   -8.200 58
   41.600   -8.200 45
   41.600   -8.200 46
   41.600   -8.200 26
   41.600   -8.200 6
   41.600   -8.200 34
   41.600   -8.200 48
   41.600   -8.200 2
   41.600   -8.200 10
   41.600   -8.200 0
   41.600   -8.200 0
   41.600   -8.200 0
   41.600   -8.200 0
   41.600   -8.200 0
   41.600   -8.200 0
   41.600   -8.200 0
   41.600   -8.200 0
   41.600   -8.200 0
   41.600   -8.200 0
   41.600   -8.200 0
   41.600   -8.200 0
   41.600   -8.200 3
   41.600   -8.200 7
   41.600   -8.200 7
   41.600   -8.200 0
   41.600   -8.200 7
   41.600   -8.200 32
   41.600   -8.200 4
   41.600   -8.200 1
