   41.600   -8.200 0
   41.600   -8.200 11
   41.600   -8.200 42
   41.600   -8.200 8
   41.600   -8.200 12
   41.600   -8.200 16
   41.600   -8.200 3
   41.600   -8.200 5
   41.600   -8.200 4
   41.600   -8.200 0
   41.600   -8.200 0
   41.600   -8.200 0
   41.600   -8.200 0
   41.600   -8.200 0
   41.600   -8.200 0
   41.600   -8.200 0
   41.600   -8.200 0
   41.600   -8.200 0
   41.600   -8.200 0
   41.600   -8.200 21
   41.600   -8.200 22
   41.600   -8.200 62
   41.600   -8.200 58
   41.600   -8.200 51
   41.600   -8.200 51
   41.600   -8.200 12
   41.600   -8.200 0
   41.600   -8.200 0
   41.600   -8.200 12
