   39.600   -8.800 0
   39.600   -8.800 0
   39.600   -8.800 0
   39.600   -8.800 0
   39.600   -8.800 0
   39.600   -8.800 0
   39.600   -8.800 0
   39.600   -8.800 0
   39.600   -8.800 1
   39.600   -8.800 2
   39.600   -8.800 1
   39.600   -8.800 1
   39.600   -8.800 0
   39.600   -8.800 0
   39.600   -8.800 0
   39.600   -8.800 0
   39.600   -8.800 0
   39.600   -8.800 0
   39.600   -8.800 0
   39.600   -8.800 0
   39.600   -8.800 0
   39.600   -8.800 0
   39.600   -8.800 2
   39.600   -8.800 3
   39.600   -8.800 7
   39.600   -8.800 13
   39.600   -8.800 0
   39.600   -8.800 0
   39.600   -8.800 0
   39.600   -8.800 0
   39.600   -8.800 0
