   41.600   -8.200 0
   41.600   -8.200 0
   41.600   -8.200 0
   41.600   -8.200 29
   41.600   -8.200 0
   41.600   -8.200 0
   41.600   -8.200 4
   41.600   -8.200 0
   41.600   -8.200 1
   41.600   -8.200 29
   41.600   -8.200 18
   41.600   -8.200 0
   41.600   -8.200 3
   41.600   -8.200 0
   41.600   -8.200 0
   41.600   -8.200 0
   41.600   -8.200 3
   41.600   -8.200 22
   41.600   -8.200 33
   41.600   -8.200 42
   41.600   -8.200 39
   41.600   -8.200 68
   41.600   -8.200 0
   41.600   -8.200 4
   41.600   -8.200 13
   41.600   -8.200 5
   41.600   -8.200 3
   41.600   -8.200 0
   41.600   -8.200 0
   41.600   -8.200 0
