   41.600   -8.200 20
   41.600   -8.200 20
   41.600   -8.200 50
   41.600   -8.200 64
   41.600   -8.200 19
   41.600   -8.200 1
   41.600   -8.200 7
   41.600   -8.200 22
   41.600   -8.200 20
   41.600   -8.200 27
   41.600   -8.200 2
   41.600   -8.200 0
   41.600   -8.200 0
   41.600   -8.200 1
   41.600   -8.200 6
   41.600   -8.200 8
   41.600   -8.200 14
   41.600   -8.200 9
   41.600   -8.200 0
   41.600   -8.200 0
   41.600   -8.200 19
   41.600   -8.200 31
   41.600   -8.200 56
   41.600   -8.200 39
   41.600   -8.200 55
   41.600   -8.200 50
   41.600   -8.200 20
   41.600   -8.200 2
   41.600   -8.200 0
   41.600   -8.200 0
   41.600   -8.200 0
