   41.600   -8.200 0
   41.600   -8.200 2
   41.600   -8.200 4
   41.600   -8.200 30
   41.600   -8.200 49
   41.600   -8.200 45
   41.600   -8.200 38
   41.600   -8.200 10
   41.600   -8.200 12
   41.600   -8.200 0
   41.600   -8.200 0
   41.600   -8.200 0
   41.600   -8.200 0
   41.600   -8.200 0
   41.600   -8.200 0
   41.600   -8.200 0
   41.600   -8.200 0
   41.600   -8.200 0
   41.600   -8.200 0
   41.600   -8.200 0
   41.600   -8.200 0
   41.600   -8.200 0
   41.600   -8.200 0
   41.600   -8.200 0
   41.600   -8.200 4
   41.600   -8.200 10
   41.600   -8.200 8
   41.600   -8.200 31
   41.600   -8.200 95
