   41.600   -8.200 3
   41.600   -8.200 12
   41.600   -8.200 3
   41.600   -8.200 2
   41.600   -8.200 3
   41.600   -8.200 1
   41.600   -8.200 0
   41.600   -8.200 0
   41.600   -8.200 0
   41.600   -8.200 0
   41.600   -8.200 0
   41.600   -8.200 0
   41.600   -8.200 0
   41.600   -8.200 0
   41.600   -8.200 0
   41.600   -8.200 0
   41.600   -8.200 0
   41.600   -8.200 0
   41.600   -8.200 0
   41.600   -8.200 6
   41.600   -8.200 25
   41.600   -8.200 25
   41.600   -8.200 4
   41.600   -8.200 1
   41.600   -8.200 2
   41.600   -8.200 0
   41.600   -8.200 1
   41.600   -8.200 3
   41.600   -8.200 4
   41.600   -8.200 8
