   41.600   -8.200 0
   41.600   -8.200 0
   41.600   -8.200 0
   41.600   -8.200 0
   41.600   -8.200 0
   41.600   -8.200 10
   41.600   -8.200 6
   41.600   -8.200 3
   41.600   -8.200 21
   41.600   -8.200 8
   41.600   -8.200 55
   41.600   -8.200 33
   41.600   -8.200 47
   41.600   -8.200 29
   41.600   -8.200 16
   41.600   -8.200 15
   41.600   -8.200 60
   41.600   -8.200 59
   41.600   -8.200 0
   41.600   -8.200 0
   41.600   -8.200 4
   41.600   -8.200 3
   41.600   -8.200 0
   41.600   -8.200 0
   41.600   -8.200 0
   41.600   -8.200 21
   41.600   -8.200 55
   41.600   -8.200 12
   41.600   -8.200 6
   41.600   -8.200 0
   41.600   -8.200 0
