   41.600   -8.200 33
   41.600   -8.200 0
   41.600   -8.200 7
   41.600   -8.200 27
   41.600   -8.200 6
   41.600   -8.200 35
   41.600   -8.200 90
   41.600   -8.200 8
   41.600   -8.200 0
   41.600   -8.200 1
   41.600   -8.200 1
   41.600   -8.200 1
   41.600   -8.200 1
   41.600   -8.200 0
   41.600   -8.200 0
   41.600   -8.200 0
   41.600   -8.200 0
   41.600   -8.200 0
   41.600   -8.200 0
   41.600   -8.200 0
   41.600   -8.200 8
   41.600   -8.200 7
   41.600   -8.200 18
   41.600   -8.200 11
   41.600   -8.200 50
   41.600   -8.200 15
   41.600   -8.200 21
   41.600   -8.200 14
   41.600   -8.200 0
   41.600   -8.200 0
   41.600   -8.200 0
