   40.200   -7.800 11
   40.200   -7.800 0
   40.200   -7.800 2
   40.200   -7.800 6
   40.200   -7.800 33
   40.200   -7.800 25
   40.200   -7.800 9
   40.200   -7.800 4
   40.200   -7.800 10
   40.200   -7.800 2
   40.200   -7.800 0
   40.200   -7.800 0
   40.200   -7.800 0
   40.200   -7.800 6
   40.200   -7.800 16
   40.200   -7.800 24
   40.200   -7.800 23
   40.200   -7.800 5
   40.200   -7.800 10
   40.200   -7.800 0
   40.200   -7.800 0
   40.200   -7.800 0
   40.200   -7.800 0
   40.200   -7.800 0
   40.200   -7.800 0
   40.200   -7.800 0
   40.200   -7.800 0
   40.200   -7.800 0
   40.200   -7.800 0
   40.200   -7.800 0
   40.200   -7.800 0
