   38.800   -8.600 0
   38.800   -8.600 0
   38.800   -8.600 0
   38.800   -8.600 0
   38.800   -8.600 0
   38.800   -8.600 2
   38.800   -8.600 1
   38.800   -8.600 0
   38.800   -8.600 0
   38.800   -8.600 0
   38.800   -8.600 0
   38.800   -8.600 0
   38.800   -8.600 0
   38.800   -8.600 0
   38.800   -8.600 0
   38.800   -8.600 0
   38.800   -8.600 0
   38.800   -8.600 2
   38.800   -8.600 0
   38.800   -8.600 8
   38.800   -8.600 14
   38.800   -8.600 32
   38.800   -8.600 6
   38.800   -8.600 7
   38.800   -8.600 9
   38.800   -8.600 1
   38.800   -8.600 5
   38.800   -8.600 22
   38.800   -8.600 9
