   40.200   -7.800 24
   40.200   -7.800 5
   40.200   -7.800 30
   40.200   -7.800 19
   40.200   -7.800 57
   40.200   -7.800 4
   40.200   -7.800 0
   40.200   -7.800 13
   40.200   -7.800 26
   40.200   -7.800 17
   40.200   -7.800 5
   40.200   -7.800 0
   40.200   -7.800 0
   40.200   -7.800 0
   40.200   -7.800 9
   40.200   -7.800 1
   40.200   -7.800 14
   40.200   -7.800 8
   40.200   -7.800 0
   40.200   -7.800 0
   40.200   -7.800 4
   40.200   -7.800 14
   40.200   -7.800 30
   40.200   -7.800 26
   40.200   -7.800 22
   40.200   -7.800 68
   40.200   -7.800 25
   40.200   -7.800 9
   40.200   -7.800 0
   40.200   -7.800 0
   40.200   -7.800 0
