   39.800   -7.800 0
   39.800   -7.800 4
   39.800   -7.800 16
   39.800   -7.800 2
   39.800   -7.800 0
   39.800   -7.800 5
   39.800   -7.800 0
   39.800   -7.800 0
   39.800   -7.800 0
   39.800   -7.800 0
   39.800   -7.800 1
   39.800   -7.800 0
   39.800   -7.800 0
   39.800   -7.800 3
   39.800   -7.800 5
   39.800   -7.800 0
   39.800   -7.800 0
   39.800   -7.800 0
   39.800   -7.800 0
   39.800   -7.800 0
   39.800   -7.800 0
   39.800   -7.800 0
   39.800   -7.800 0
   39.800   -7.800 0
   39.800   -7.800 0
   39.800   -7.800 0
   39.800   -7.800 0
   39.800   -7.800 0
   39.800   -7.800 0
   39.800   -7.800 0
