   40.600   -7.800 0
   40.600   -7.800 0
   40.600   -7.800 0
   40.600   -7.800 0
   40.600   -7.800 0
   40.600   -7.800 0
   40.600   -7.800 0
   40.600   -7.800 0
   40.600   -7.800 0
   40.600   -7.800 0
   40.600   -7.800 0
   40.600   -7.800 0
   40.600   -7.800 0
   40.600   -7.800 0
   40.600   -7.800 0
   40.600   -7.800 0
   40.600   -7.800 0
   40.600   -7.800 0
   40.600   -7.800 1
   40.600   -7.800 7
   40.600   -7.800 17
   40.600   -7.800 3
   40.600   -7.800 1
   40.600   -7.800 38
   40.600   -7.800 30
   40.600   -7.800 12
   40.600   -7.800 7
   40.600   -7.800 9
   40.600   -7.800 28
   40.600   -7.800 15
