   40.600   -7.800 0
   40.600   -7.800 0
   40.600   -7.800 0
   40.600   -7.800 0
   40.600   -7.800 0
   40.600   -7.800 0
   40.600   -7.800 0
   40.600   -7.800 7
   40.600   -7.800 0
   40.600   -7.800 10
   40.600   -7.800 13
   40.600   -7.800 8
   40.600   -7.800 0
   40.600   -7.800 7
   40.600   -7.800 2
   40.600   -7.800 5
   40.600   -7.800 13
   40.600   -7.800 0
   40.600   -7.800 0
   40.600   -7.800 0
   40.600   -7.800 0
   40.600   -7.800 0
   40.600   -7.800 0
   40.600   -7.800 0
   40.600   -7.800 0
   40.600   -7.800 0
   40.600   -7.800 34
   40.600   -7.800 16
   40.600   -7.800 20
   40.600   -7.800 26
   40.600   -7.800 30
