   40.200   -7.800 13
   40.200   -7.800 23
   40.200   -7.800 1
   40.200   -7.800 0
   40.200   -7.800 0
   40.200   -7.800 0
   40.200   -7.800 5
   40.200   -7.800 17
   40.200   -7.800 0
   40.200   -7.800 24
   40.200   -7.800 38
   40.200   -7.800 4
   40.200   -7.800 10
   40.200   -7.800 4
   40.200   -7.800 9
   40.200   -7.800 6
   40.200   -7.800 12
   40.200   -7.800 28
   40.200   -7.800 62
   40.200   -7.800 7
   40.200   -7.800 26
   40.200   -7.800 10
   40.200   -7.800 13
   40.200   -7.800 19
   40.200   -7.800 12
   40.200   -7.800 0
   40.200   -7.800 0
   40.200   -7.800 19
   40.200   -7.800 4
   40.200   -7.800 11
   40.200   -7.800 1
