   40.200   -7.800 0
   40.200   -7.800 0
   40.200   -7.800 18
   40.200   -7.800 1
   40.200   -7.800 14
   40.200   -7.800 4
   40.200   -7.800 41
   40.200   -7.800 20
   40.200   -7.800 12
   40.200   -7.800 28
   40.200   -7.800 17
   40.200   -7.800 37
   40.200   -7.800 16
   40.200   -7.800 10
   40.200   -7.800 15
   40.200   -7.800 0
   40.200   -7.800 10
   40.200   -7.800 8
   40.200   -7.800 0
   40.200   -7.800 0
   40.200   -7.800 0
   40.200   -7.800 2
   40.200   -7.800 0
   40.200   -7.800 0
   40.200   -7.800 1
   40.200   -7.800 0
   40.200   -7.800 0
   40.200   -7.800 0
   40.200   -7.800 0
   40.200   -7.800 0
