   38.800   -9.200 5
   38.800   -9.200 2
   38.800   -9.200 23
   38.800   -9.200 22
   38.800   -9.200 5
   38.800   -9.200 44
   38.800   -9.200 2
   38.800   -9.200 1
   38.800   -9.200 0
   38.800   -9.200 0
   38.800   -9.200 0
   38.800   -9.200 7
   38.800   -9.200 2
   38.800   -9.200 0
   38.800   -9.200 0
   38.800   -9.200 1
   38.800   -9.200 5
   38.800   -9.200 0
   38.800   -9.200 36
   38.800   -9.200 12
   38.800   -9.200 46
   38.800   -9.200 6
   38.800   -9.200 13
   38.800   -9.200 24
   38.800   -9.200 22
   38.800   -9.200 17
   38.800   -9.200 9
   38.800   -9.200 4
   38.800   -9.200 1
   38.800   -9.200 0
