   41.800   -8.000 17
   41.800   -8.000 86
   41.800   -8.000 35
   41.800   -8.000 17
   41.800   -8.000 18
   41.800   -8.000 15
   41.800   -8.000 16
   41.800   -8.000 11
   41.800   -8.000 0
   41.800   -8.000 2
   41.800   -8.000 13
   41.800   -8.000 3
   41.800   -8.000 0
   41.800   -8.000 0
   41.800   -8.000 0
   41.800   -8.000 0
   41.800   -8.000 0
   41.800   -8.000 0
   41.800   -8.000 0
   41.800   -8.000 0
   41.800   -8.000 0
   41.800   -8.000 0
   41.800   -8.000 0
   41.800   -8.000 0
   41.800   -8.000 0
   41.800   -8.000 0
   41.800   -8.000 0
   41.800   -8.000 0
   41.800   -8.000 0
   41.800   -8.000 1
