   41.800   -8.000 7
   41.800   -8.000 0
   41.800   -8.000 0
   41.800   -8.000 0
   41.800   -8.000 0
   41.800   -8.000 0
   41.800   -8.000 0
   41.800   -8.000 0
   41.800   -8.000 0
   41.800   -8.000 2
   41.800   -8.000 4
   41.800   -8.000 19
   41.800   -8.000 28
   41.800   -8.000 40
   41.800   -8.000 19
   41.800   -8.000 23
   41.800   -8.000 17
   41.800   -8.000 11
   41.800   -8.000 6
   41.800   -8.000 18
   41.800   -8.000 4
   41.800   -8.000 7
   41.800   -8.000 9
   41.800   -8.000 0
   41.800   -8.000 0
   41.800   -8.000 0
   41.800   -8.000 0
   41.800   -8.000 3
   41.800   -8.000 4
