   41.600   -8.200 1
   41.600   -8.200 5
   41.600   -8.200 1
   41.600   -8.200 0
   41.600   -8.200 0
   41.600   -8.200 0
   41.600   -8.200 0
   41.600   -8.200 0
   41.600   -8.200 0
   41.600   -8.200 10
   41.600   -8.200 10
   41.600   -8.200 18
   41.600   -8.200 0
   41.600   -8.200 0
   41.600   -8.200 8
   41.600   -8.200 0
   41.600   -8.200 2
   41.600   -8.200 4
   41.600   -8.200 0
   41.600   -8.200 5
   41.600   -8.200 0
   41.600   -8.200 22
   41.600   -8.200 26
   41.600   -8.200 41
   41.600   -8.200 3
   41.600   -8.200 9
   41.600   -8.200 2
   41.600   -8.200 7
   41.600   -8.200 0
   41.600   -8.200 0
   41.600   -8.200 0
