   41.600   -8.200 0
   41.600   -8.200 0
   41.600   -8.200 0
   41.600   -8.200 0
   41.600   -8.200 0
   41.600   -8.200 0
   41.600   -8.200 0
   41.600   -8.200 0
   41.600   -8.200 0
   41.600   -8.200 0
   41.600   -8.200 0
   41.600   -8.200 0
   41.600   -8.200 0
   41.600   -8.200 0
   41.600   -8.200 0
   41.600   -8.200 0
   41.600   -8.200 0
   41.600   -8.200 0
   41.600   -8.200 4
   41.600   -8.200 17
   41.600   -8.200 19
   41.600   -8.200 14
   41.600   -8.200 17
   41.600   -8.200 80
   41.600   -8.200 53
   41.600   -8.200 36
   41.600   -8.200 31
   41.600   -8.200 18
   41.600   -8.200 37
   41.600   -8.200 22
