   38.600   -7.400 0
   38.600   -7.400 0
   38.600   -7.400 0
   38.600   -7.400 0
   38.600   -7.400 0
   38.600   -7.400 0
   38.600   -7.400 0
   38.600   -7.400 0
   38.600   -7.400 0
   38.600   -7.400 0
   38.600   -7.400 0
   38.600   -7.400 0
   38.600   -7.400 0
   38.600   -7.400 0
   38.600   -7.400 0
   38.600   -7.400 0
   38.600   -7.400 0
   38.600   -7.400 0
   38.600   -7.400 0
   38.600   -7.400 0
   38.600   -7.400 0
   38.600   -7.400 0
   38.600   -7.400 0
   38.600   -7.400 17
   38.600   -7.400 0
   38.600   -7.400 0
   38.600   -7.400 0
   38.600   -7.400 0
   38.600   -7.400 0
   38.600   -7.400 0
   38.600   -7.400 0
