   41.400   -8.200 0
   41.400   -8.200 0
   41.400   -8.200 0
   41.400   -8.200 0
   41.400   -8.200 0
   41.400   -8.200 11
   41.400   -8.200 6
   41.400   -8.200 0
   41.400   -8.200 21
   41.400   -8.200 2
   41.400   -8.200 54
   41.400   -8.200 24
   41.400   -8.200 39
   41.400   -8.200 21
   41.400   -8.200 11
   41.400   -8.200 13
   41.400   -8.200 35
   41.400   -8.200 32
   41.400   -8.200 0
   41.400   -8.200 0
   41.400   -8.200 3
   41.400   -8.200 2
   41.400   -8.200 0
   41.400   -8.200 0
   41.400   -8.200 0
   41.400   -8.200 27
   41.400   -8.200 54
   41.400   -8.200 10
   41.400   -8.200 7
   41.400   -8.200 0
   41.400   -8.200 0
