   41.400   -8.200 0
   41.400   -8.200 0
   41.400   -8.200 0
   41.400   -8.200 0
   41.400   -8.200 26
   41.400   -8.200 1
   41.400   -8.200 2
   41.400   -8.200 2
   41.400   -8.200 15
   41.400   -8.200 21
   41.400   -8.200 20
   41.400   -8.200 16
   41.400   -8.200 15
   41.400   -8.200 2
   41.400   -8.200 2
   41.400   -8.200 0
   41.400   -8.200 0
   41.400   -8.200 0
   41.400   -8.200 0
   41.400   -8.200 5
   41.400   -8.200 34
   41.400   -8.200 10
   41.400   -8.200 0
   41.400   -8.200 0
   41.400   -8.200 0
   41.400   -8.200 0
   41.400   -8.200 0
   41.400   -8.200 0
   41.400   -8.200 0
   41.400   -8.200 0
