   41.400   -8.200 2
   41.400   -8.200 0
   41.400   -8.200 0
   41.400   -8.200 0
   41.400   -8.200 2
   41.400   -8.200 0
   41.400   -8.200 0
   41.400   -8.200 4
   41.400   -8.200 5
   41.400   -8.200 18
   41.400   -8.200 92
   41.400   -8.200 18
   41.400   -8.200 43
   41.400   -8.200 38
   41.400   -8.200 71
   41.400   -8.200 23
   41.400   -8.200 20
   41.400   -8.200 0
   41.400   -8.200 6
   41.400   -8.200 31
   41.400   -8.200 16
   41.400   -8.200 0
   41.400   -8.200 0
   41.400   -8.200 0
   41.400   -8.200 0
   41.400   -8.200 0
   41.400   -8.200 0
   41.400   -8.200 0
   41.400   -8.200 0
   41.400   -8.200 0
   41.400   -8.200 0
