   41.600   -8.200 0
   41.600   -8.200 0
   41.600   -8.200 20
   41.600   -8.200 39
   41.600   -8.200 24
   41.600   -8.200 7
   41.600   -8.200 1
   41.600   -8.200 7
   41.600   -8.200 0
   41.600   -8.200 0
   41.600   -8.200 8
   41.600   -8.200 13
   41.600   -8.200 2
   41.600   -8.200 13
   41.600   -8.200 33
   41.600   -8.200 0
   41.600   -8.200 3
   41.600   -8.200 5
   41.600   -8.200 8
   41.600   -8.200 26
   41.600   -8.200 75
   41.600   -8.200 13
   41.600   -8.200 43
   41.600   -8.200 35
   41.600   -8.200 0
   41.600   -8.200 35
   41.600   -8.200 7
   41.600   -8.200 0
   41.600   -8.200 0
   41.600   -8.200 0
