   39.800   -7.800 0
   39.800   -7.800 1
   39.800   -7.800 6
   39.800   -7.800 12
   39.800   -7.800 0
   39.800   -7.800 0
   39.800   -7.800 0
   39.800   -7.800 4
   39.800   -7.800 3
   39.800   -7.800 6
   39.800   -7.800 1
   39.800   -7.800 1
   39.800   -7.800 4
   39.800   -7.800 3
   39.800   -7.800 9
   39.800   -7.800 3
   39.800   -7.800 1
   39.800   -7.800 4
   39.800   -7.800 6
   39.800   -7.800 15
   39.800   -7.800 4
   39.800   -7.800 4
   39.800   -7.800 5
   39.800   -7.800 3
   39.800   -7.800 0
   39.800   -7.800 0
   39.800   -7.800 0
   39.800   -7.800 0
   39.800   -7.800 0
   39.800   -7.800 0
