   38.800   -8.600 0
   38.800   -8.600 0
   38.800   -8.600 0
   38.800   -8.600 0
   38.800   -8.600 0
   38.800   -8.600 0
   38.800   -8.600 0
   38.800   -8.600 2
   38.800   -8.600 28
   38.800   -8.600 0
   38.800   -8.600 17
   38.800   -8.600 15
   38.800   -8.600 2
   38.800   -8.600 2
   38.800   -8.600 0
   38.800   -8.600 0
   38.800   -8.600 0
   38.800   -8.600 0
   38.800   -8.600 0
   38.800   -8.600 1
   38.800   -8.600 1
   38.800   -8.600 1
   38.800   -8.600 3
   38.800   -8.600 2
   38.800   -8.600 17
   38.800   -8.600 25
   38.800   -8.600 13
   38.800   -8.600 14
   38.800   -8.600 8
   38.800   -8.600 2
   38.800   -8.600 0
