   38.800   -8.600 20
   38.800   -8.600 5
   38.800   -8.600 0
   38.800   -8.600 0
   38.800   -8.600 0
   38.800   -8.600 1
   38.800   -8.600 0
   38.800   -8.600 0
   38.800   -8.600 6
   38.800   -8.600 27
   38.800   -8.600 4
   38.800   -8.600 3
   38.800   -8.600 2
   38.800   -8.600 0
   38.800   -8.600 0
   38.800   -8.600 5
   38.800   -8.600 2
   38.800   -8.600 1
   38.800   -8.600 0
   38.800   -8.600 16
   38.800   -8.600 0
   38.800   -8.600 15
   38.800   -8.600 5
   38.800   -8.600 38
   38.800   -8.600 0
   38.800   -8.600 0
   38.800   -8.600 0
   38.800   -8.600 0
   38.800   -8.600 0
