   41.400   -8.200 28
   41.400   -8.200 25
   41.400   -8.200 16
   41.400   -8.200 9
   41.400   -8.200 21
   41.400   -8.200 15
   41.400   -8.200 18
   41.400   -8.200 17
   41.400   -8.200 0
   41.400   -8.200 0
   41.400   -8.200 0
   41.400   -8.200 0
   41.400   -8.200 0
   41.400   -8.200 0
   41.400   -8.200 0
   41.400   -8.200 0
   41.400   -8.200 8
   41.400   -8.200 44
   41.400   -8.200 10
   41.400   -8.200 30
   41.400   -8.200 14
   41.400   -8.200 4
   41.400   -8.200 0
   41.400   -8.200 0
   41.400   -8.200 0
   41.400   -8.200 0
   41.400   -8.200 0
   41.400   -8.200 0
   41.400   -8.200 0
   41.400   -8.200 0
   41.400   -8.200 0
