   41.400   -8.200 0
   41.400   -8.200 0
   41.400   -8.200 0
   41.400   -8.200 0
   41.400   -8.200 0
   41.400   -8.200 0
   41.400   -8.200 0
   41.400   -8.200 0
   41.400   -8.200 15
   41.400   -8.200 16
   41.400   -8.200 12
   41.400   -8.200 9
   41.400   -8.200 0
   41.400   -8.200 0
   41.400   -8.200 0
   41.400   -8.200 11
   41.400   -8.200 8
   41.400   -8.200 19
   41.400   -8.200 13
   41.400   -8.200 0
   41.400   -8.200 1
   41.400   -8.200 1
   41.400   -8.200 10
   41.400   -8.200 22
   41.400   -8.200 0
   41.400   -8.200 0
   41.400   -8.200 6
   41.400   -8.200 21
   41.400   -8.200 1
   41.400   -8.200 6
