   40.600   -7.800 34
   40.600   -7.800 3
   40.600   -7.800 13
   40.600   -7.800 1
   40.600   -7.800 0
   40.600   -7.800 9
   40.600   -7.800 7
   40.600   -7.800 16
   40.600   -7.800 0
   40.600   -7.800 0
   40.600   -7.800 0
   40.600   -7.800 0
   40.600   -7.800 0
   40.600   -7.800 0
   40.600   -7.800 0
   40.600   -7.800 0
   40.600   -7.800 0
   40.600   -7.800 0
   40.600   -7.800 0
   40.600   -7.800 16
   40.600   -7.800 16
   40.600   -7.800 22
   40.600   -7.800 14
   40.600   -7.800 25
   40.600   -7.800 6
   40.600   -7.800 3
   40.600   -7.800 7
   40.600   -7.800 53
   40.600   -7.800 23
