   40.600   -7.800 0
   40.600   -7.800 0
   40.600   -7.800 1
   40.600   -7.800 8
   40.600   -7.800 8
   40.600   -7.800 4
   40.600   -7.800 0
   40.600   -7.800 1
   40.600   -7.800 0
   40.600   -7.800 0
   40.600   -7.800 0
   40.600   -7.800 4
   40.600   -7.800 0
   40.600   -7.800 9
   40.600   -7.800 18
   40.600   -7.800 0
   40.600   -7.800 0
   40.600   -7.800 1
   40.600   -7.800 1
   40.600   -7.800 5
   40.600   -7.800 37
   40.600   -7.800 5
   40.600   -7.800 15
   40.600   -7.800 1
   40.600   -7.800 0
   40.600   -7.800 19
   40.600   -7.800 1
   40.600   -7.800 0
   40.600   -7.800 0
   40.600   -7.800 0
