   38.000   -7.800 0
   38.000   -7.800 0
   38.000   -7.800 0
   38.000   -7.800 0
   38.000   -7.800 1
   38.000   -7.800 2
   38.000   -7.800 1
   38.000   -7.800 0
   38.000   -7.800 0
   38.000   -7.800 1
   38.000   -7.800 0
   38.000   -7.800 5
   38.000   -7.800 8
   38.000   -7.800 12
   38.000   -7.800 2
   38.000   -7.800 0
   38.000   -7.800 29
   38.000   -7.800 1
   38.000   -7.800 18
   38.000   -7.800 6
   38.000   -7.800 18
   38.000   -7.800 2
   38.000   -7.800 8
   38.000   -7.800 14
   38.000   -7.800 5
   38.000   -7.800 3
   38.000   -7.800 0
   38.000   -7.800 10
   38.000   -7.800 19
