   41.400   -8.200 11
   41.400   -8.200 25
   41.400   -8.200 2
   41.400   -8.200 0
   41.400   -8.200 7
   41.400   -8.200 0
   41.400   -8.200 0
   41.400   -8.200 0
   41.400   -8.200 0
   41.400   -8.200 0
   41.400   -8.200 0
   41.400   -8.200 28
   41.400   -8.200 2
   41.400   -8.200 11
   41.400   -8.200 3
   41.400   -8.200 0
   41.400   -8.200 8
   41.400   -8.200 0
   41.400   -8.200 0
   41.400   -8.200 1
   41.400   -8.200 0
   41.400   -8.200 0
   41.400   -8.200 0
   41.400   -8.200 0
   41.400   -8.200 0
   41.400   -8.200 16
   41.400   -8.200 4
   41.400   -8.200 0
   41.400   -8.200 0
   41.400   -8.200 0
