   41.400   -8.200 0
   41.400   -8.200 0
   41.400   -8.200 0
   41.400   -8.200 0
   41.400   -8.200 0
   41.400   -8.200 0
   41.400   -8.200 0
   41.400   -8.200 0
   41.400   -8.200 0
   41.400   -8.200 0
   41.400   -8.200 0
   41.400   -8.200 1
   41.400   -8.200 0
   41.400   -8.200 0
   41.400   -8.200 6
   41.400   -8.200 7
   41.400   -8.200 0
   41.400   -8.200 2
   41.400   -8.200 2
   41.400   -8.200 2
   41.400   -8.200 2
   41.400   -8.200 0
   41.400   -8.200 47
   41.400   -8.200 10
   41.400   -8.200 10
   41.400   -8.200 6
   41.400   -8.200 38
   41.400   -8.200 2
   41.400   -8.200 37
   41.400   -8.200 19
   41.400   -8.200 37
