   39.600   -8.800 17
   39.600   -8.800 12
   39.600   -8.800 6
   39.600   -8.800 20
   39.600   -8.800 10
   39.600   -8.800 6
   39.600   -8.800 10
   39.600   -8.800 7
   39.600   -8.800 5
   39.600   -8.800 7
   39.600   -8.800 3
   39.600   -8.800 17
   39.600   -8.800 21
   39.600   -8.800 22
   39.600   -8.800 3
   39.600   -8.800 0
   39.600   -8.800 1
   39.600   -8.800 0
   39.600   -8.800 0
   39.600   -8.800 0
   39.600   -8.800 0
   39.600   -8.800 0
   39.600   -8.800 0
   39.600   -8.800 0
   39.600   -8.800 4
   39.600   -8.800 27
   39.600   -8.800 3
   39.600   -8.800 1
   39.600   -8.800 5
   39.600   -8.800 15
