   41.400   -8.200 0
   41.400   -8.200 0
   41.400   -8.200 0
   41.400   -8.200 19
   41.400   -8.200 29
   41.400   -8.200 15
   41.400   -8.200 21
   41.400   -8.200 93
   41.400   -8.200 11
   41.400   -8.200 13
   41.400   -8.200 7
   41.400   -8.200 12
   41.400   -8.200 10
   41.400   -8.200 24
   41.400   -8.200 22
   41.400   -8.200 0
   41.400   -8.200 8
   41.400   -8.200 31
   41.400   -8.200 20
   41.400   -8.200 11
   41.400   -8.200 28
   41.400   -8.200 15
   41.400   -8.200 4
   41.400   -8.200 4
   41.400   -8.200 14
   41.400   -8.200 1
   41.400   -8.200 0
   41.400   -8.200 2
   41.400   -8.200 19
