   41.600   -8.200 49
   41.600   -8.200 8
   41.600   -8.200 0
   41.600   -8.200 0
   41.600   -8.200 0
   41.600   -8.200 0
   41.600   -8.200 0
   41.600   -8.200 0
   41.600   -8.200 13
   41.600   -8.200 2
   41.600   -8.200 0
   41.600   -8.200 17
   41.600   -8.200 14
   41.600   -8.200 35
   41.600   -8.200 46
   41.600   -8.200 65
   41.600   -8.200 41
   41.600   -8.200 18
   41.600   -8.200 25
   41.600   -8.200 23
   41.600   -8.200 11
   41.600   -8.200 1
   41.600   -8.200 0
   41.600   -8.200 0
   41.600   -8.200 0
   41.600   -8.200 0
   41.600   -8.200 0
   41.600   -8.200 0
   41.600   -8.200 0
   41.600   -8.200 0
