   41.600   -8.200 0
   41.600   -8.200 0
   41.600   -8.200 0
   41.600   -8.200 28
   41.600   -8.200 34
   41.600   -8.200 19
   41.600   -8.200 15
   41.600   -8.200 82
   41.600   -8.200 13
   41.600   -8.200 16
   41.600   -8.200 11
   41.600   -8.200 17
   41.600   -8.200 18
   41.600   -8.200 29
   41.600   -8.200 18
   41.600   -8.200 0
   41.600   -8.200 7
   41.600   -8.200 37
   41.600   -8.200 31
   41.600   -8.200 14
   41.600   -8.200 30
   41.600   -8.200 23
   41.600   -8.200 5
   41.600   -8.200 3
   41.600   -8.200 16
   41.600   -8.200 2
   41.600   -8.200 0
   41.600   -8.200 3
   41.600   -8.200 20
