   40.600   -8.600 0
   40.600   -8.600 2
   40.600   -8.600 14
   40.600   -8.600 3
   40.600   -8.600 5
   40.600   -8.600 17
   40.600   -8.600 2
   40.600   -8.600 8
   40.600   -8.600 10
   40.600   -8.600 14
   40.600   -8.600 3
   40.600   -8.600 0
   40.600   -8.600 0
   40.600   -8.600 0
   40.600   -8.600 1
   40.600   -8.600 22
   40.600   -8.600 8
   40.600   -8.600 0
   40.600   -8.600 0
   40.600   -8.600 0
   40.600   -8.600 0
   40.600   -8.600 0
   40.600   -8.600 0
   40.600   -8.600 0
   40.600   -8.600 0
   40.600   -8.600 0
   40.600   -8.600 0
   40.600   -8.600 8
   40.600   -8.600 4
   40.600   -8.600 0
   40.600   -8.600 8
