   38.800   -8.600 6
   38.800   -8.600 11
   38.800   -8.600 4
   38.800   -8.600 0
   38.800   -8.600 0
   38.800   -8.600 0
   38.800   -8.600 0
   38.800   -8.600 0
   38.800   -8.600 6
   38.800   -8.600 9
   38.800   -8.600 8
   38.800   -8.600 5
   38.800   -8.600 8
   38.800   -8.600 0
   38.800   -8.600 0
   38.800   -8.600 0
   38.800   -8.600 3
   38.800   -8.600 5
   38.800   -8.600 5
   38.800   -8.600 14
   38.800   -8.600 3
   38.800   -8.600 8
   38.800   -8.600 6
   38.800   -8.600 8
   38.800   -8.600 0
   38.800   -8.600 5
   38.800   -8.600 0
   38.800   -8.600 0
   38.800   -8.600 0
