   38.800   -8.600 0
   38.800   -8.600 1
   38.800   -8.600 0
   38.800   -8.600 0
   38.800   -8.600 0
   38.800   -8.600 0
   38.800   -8.600 0
   38.800   -8.600 0
   38.800   -8.600 0
   38.800   -8.600 0
   38.800   -8.600 0
   38.800   -8.600 0
   38.800   -8.600 0
   38.800   -8.600 1
   38.800   -8.600 0
   38.800   -8.600 0
   38.800   -8.600 0
   38.800   -8.600 0
   38.800   -8.600 0
   38.800   -8.600 0
   38.800   -8.600 0
   38.800   -8.600 1
   38.800   -8.600 0
   38.800   -8.600 0
   38.800   -8.600 0
   38.800   -8.600 0
   38.800   -8.600 0
   38.800   -8.600 0
   38.800   -8.600 3
   38.800   -8.600 9
   38.800   -8.600 0
