   40.600   -8.600 0
   40.600   -8.600 1
   40.600   -8.600 0
   40.600   -8.600 0
   40.600   -8.600 7
   40.600   -8.600 17
   40.600   -8.600 13
   40.600   -8.600 16
   40.600   -8.600 17
   40.600   -8.600 9
   40.600   -8.600 13
   40.600   -8.600 18
   40.600   -8.600 22
   40.600   -8.600 8
   40.600   -8.600 0
   40.600   -8.600 0
   40.600   -8.600 0
   40.600   -8.600 0
   40.600   -8.600 0
   40.600   -8.600 0
   40.600   -8.600 0
   40.600   -8.600 5
   40.600   -8.600 9
   40.600   -8.600 10
   40.600   -8.600 17
   40.600   -8.600 6
   40.600   -8.600 2
   40.600   -8.600 2
   40.600   -8.600 4
   40.600   -8.600 0
   40.600   -8.600 2
