   40.600   -7.800 0
   40.600   -7.800 0
   40.600   -7.800 0
   40.600   -7.800 0
   40.600   -7.800 0
   40.600   -7.800 0
   40.600   -7.800 0
   40.600   -7.800 0
   40.600   -7.800 0
   40.600   -7.800 0
   40.600   -7.800 2
   40.600   -7.800 0
   40.600   -7.800 0
   40.600   -7.800 0
   40.600   -7.800 0
   40.600   -7.800 3
   40.600   -7.800 13
   40.600   -7.800 12
   40.600   -7.800 0
   40.600   -7.800 0
   40.600   -7.800 0
   40.600   -7.800 0
   40.600   -7.800 0
   40.600   -7.800 0
   40.600   -7.800 0
   40.600   -7.800 0
   40.600   -7.800 6
   40.600   -7.800 8
   40.600   -7.800 3
   40.600   -7.800 0
