   41.600   -8.200 39
   41.600   -8.200 36
   41.600   -8.200 4
   41.600   -8.200 16
   41.600   -8.200 13
   41.600   -8.200 20
   41.600   -8.200 26
   41.600   -8.200 0
   41.600   -8.200 0
   41.600   -8.200 1
   41.600   -8.200 3
   41.600   -8.200 0
   41.600   -8.200 0
   41.600   -8.200 1
   41.600   -8.200 2
   41.600   -8.200 1
   41.600   -8.200 0
   41.600   -8.200 0
   41.600   -8.200 8
   41.600   -8.200 1
   41.600   -8.200 6
   41.600   -8.200 11
   41.600   -8.200 12
   41.600   -8.200 0
   41.600   -8.200 0
   41.600   -8.200 0
   41.600   -8.200 1
   41.600   -8.200 32
   41.600   -8.200 20
   41.600   -8.200 7
   41.600   -8.200 2
