   41.600   -8.200 0
   41.600   -8.200 0
   41.600   -8.200 3
   41.600   -8.200 0
   41.600   -8.200 0
   41.600   -8.200 4
   41.600   -8.200 16
   41.600   -8.200 0
   41.600   -8.200 0
   41.600   -8.200 0
   41.600   -8.200 0
   41.600   -8.200 37
   41.600   -8.200 32
   41.600   -8.200 26
   41.600   -8.200 37
   41.600   -8.200 53
   41.600   -8.200 20
   41.600   -8.200 0
   41.600   -8.200 0
   41.600   -8.200 28
   41.600   -8.200 17
   41.600   -8.200 53
   41.600   -8.200 27
   41.600   -8.200 13
   41.600   -8.200 28
   41.600   -8.200 23
   41.600   -8.200 4
   41.600   -8.200 1
   41.600   -8.200 4
