   41.400   -8.200 0
   41.400   -8.200 0
   41.400   -8.200 0
   41.400   -8.200 0
   41.400   -8.200 0
   41.400   -8.200 0
   41.400   -8.200 0
   41.400   -8.200 0
   41.400   -8.200 1
   41.400   -8.200 7
   41.400   -8.200 1
   41.400   -8.200 4
   41.400   -8.200 46
   41.400   -8.200 0
   41.400   -8.200 0
   41.400   -8.200 3
   41.400   -8.200 10
   41.400   -8.200 37
   41.400   -8.200 1
   41.400   -8.200 0
   41.400   -8.200 2
   41.400   -8.200 22
   41.400   -8.200 0
   41.400   -8.200 0
   41.400   -8.200 0
   41.400   -8.200 34
   41.400   -8.200 0
   41.400   -8.200 0
   41.400   -8.200 8
   41.400   -8.200 9
   41.400   -8.200 1
