   41.800   -8.800 0
   41.800   -8.800 0
   41.800   -8.800 0
   41.800   -8.800 0
   41.800   -8.800 0
   41.800   -8.800 3
   41.800   -8.800 0
   41.800   -8.800 0
   41.800   -8.800 0
   41.800   -8.800 1
   41.800   -8.800 0
   41.800   -8.800 1
   41.800   -8.800 6
   41.800   -8.800 9
   41.800   -8.800 7
   41.800   -8.800 1
   41.800   -8.800 6
   41.800   -8.800 4
   41.800   -8.800 30
   41.800   -8.800 14
   41.800   -8.800 16
   41.800   -8.800 3
   41.800   -8.800 3
   41.800   -8.800 5
   41.800   -8.800 1
   41.800   -8.800 4
   41.800   -8.800 0
   41.800   -8.800 0
   41.800   -8.800 0
   41.800   -8.800 1
