   41.600   -8.200 0
   41.600   -8.200 6
   41.600   -8.200 31
   41.600   -8.200 10
   41.600   -8.200 18
   41.600   -8.200 6
   41.600   -8.200 42
   41.600   -8.200 49
   41.600   -8.200 16
   41.600   -8.200 36
   41.600   -8.200 49
   41.600   -8.200 24
   41.600   -8.200 18
   41.600   -8.200 30
   41.600   -8.200 43
   41.600   -8.200 7
   41.600   -8.200 22
   41.600   -8.200 24
   41.600   -8.200 0
   41.600   -8.200 0
   41.600   -8.200 0
   41.600   -8.200 4
   41.600   -8.200 0
   41.600   -8.200 0
   41.600   -8.200 5
   41.600   -8.200 0
   41.600   -8.200 0
   41.600   -8.200 0
   41.600   -8.200 0
   41.600   -8.200 0
