   39.600   -8.800 0
   39.600   -8.800 0
   39.600   -8.800 0
   39.600   -8.800 0
   39.600   -8.800 0
   39.600   -8.800 1
   39.600   -8.800 0
   39.600   -8.800 15
   39.600   -8.800 34
   39.600   -8.800 31
   39.600   -8.800 22
   39.600   -8.800 13
   39.600   -8.800 0
   39.600   -8.800 0
   39.600   -8.800 2
   39.600   -8.800 0
   39.600   -8.800 0
   39.600   -8.800 0
   39.600   -8.800 0
   39.600   -8.800 0
   39.600   -8.800 0
   39.600   -8.800 1
   39.600   -8.800 3
   39.600   -8.800 4
   39.600   -8.800 15
   39.600   -8.800 2
   39.600   -8.800 1
   39.600   -8.800 0
   39.600   -8.800 4
   39.600   -8.800 9
   39.600   -8.800 8
