   41.600   -8.200 0
   41.600   -8.200 0
   41.600   -8.200 0
   41.600   -8.200 0
   41.600   -8.200 0
   41.600   -8.200 0
   41.600   -8.200 0
   41.600   -8.200 7
   41.600   -8.200 37
   41.600   -8.200 23
   41.600   -8.200 9
   41.600   -8.200 6
   41.600   -8.200 35
   41.600   -8.200 45
   41.600   -8.200 8
   41.600   -8.200 19
   41.600   -8.200 2
   41.600   -8.200 1
   41.600   -8.200 9
   41.600   -8.200 9
   41.600   -8.200 1
   41.600   -8.200 1
   41.600   -8.200 10
   41.600   -8.200 4
   41.600   -8.200 13
   41.600   -8.200 20
   41.600   -8.200 10
   41.600   -8.200 15
   41.600   -8.200 4
   41.600   -8.200 2
