   41.600   -8.200 2
   41.600   -8.200 1
   41.600   -8.200 0
   41.600   -8.200 0
   41.600   -8.200 2
   41.600   -8.200 1
   41.600   -8.200 2
   41.600   -8.200 0
   41.600   -8.200 0
   41.600   -8.200 0
   41.600   -8.200 0
   41.600   -8.200 0
   41.600   -8.200 0
   41.600   -8.200 0
   41.600   -8.200 8
   41.600   -8.200 5
   41.600   -8.200 0
   41.600   -8.200 1
   41.600   -8.200 15
   41.600   -8.200 32
   41.600   -8.200 34
   41.600   -8.200 58
   41.600   -8.200 76
   41.600   -8.200 54
   41.600   -8.200 33
   41.600   -8.200 28
   41.600   -8.200 19
   41.600   -8.200 27
   41.600   -8.200 24
