   41.400   -8.200 0
   41.400   -8.200 0
   41.400   -8.200 0
   41.400   -8.200 18
   41.400   -8.200 0
   41.400   -8.200 0
   41.400   -8.200 0
   41.400   -8.200 0
   41.400   -8.200 0
   41.400   -8.200 35
   41.400   -8.200 14
   41.400   -8.200 0
   41.400   -8.200 0
   41.400   -8.200 0
   41.400   -8.200 0
   41.400   -8.200 0
   41.400   -8.200 0
   41.400   -8.200 9
   41.400   -8.200 22
   41.400   -8.200 22
   41.400   -8.200 22
   41.400   -8.200 77
   41.400   -8.200 0
   41.400   -8.200 0
   41.400   -8.200 9
   41.400   -8.200 3
   41.400   -8.200 4
   41.400   -8.200 1
   41.400   -8.200 0
   41.400   -8.200 0
