   41.400   -8.200 0
   41.400   -8.200 5
   41.400   -8.200 10
   41.400   -8.200 0
   41.400   -8.200 0
   41.400   -8.200 0
   41.400   -8.200 0
   41.400   -8.200 0
   41.400   -8.200 0
   41.400   -8.200 9
   41.400   -8.200 1
   41.400   -8.200 28
   41.400   -8.200 15
   41.400   -8.200 0
   41.400   -8.200 6
   41.400   -8.200 12
   41.400   -8.200 47
   41.400   -8.200 18
   41.400   -8.200 12
   41.400   -8.200 25
   41.400   -8.200 6
   41.400   -8.200 9
   41.400   -8.200 16
   41.400   -8.200 9
   41.400   -8.200 0
   41.400   -8.200 0
   41.400   -8.200 0
   41.400   -8.200 0
   41.400   -8.200 1
   41.400   -8.200 0
