   40.200   -7.800 0
   40.200   -7.800 0
   40.200   -7.800 0
   40.200   -7.800 0
   40.200   -7.800 0
   40.200   -7.800 0
   40.200   -7.800 0
   40.200   -7.800 0
   40.200   -7.800 1
   40.200   -7.800 17
   40.200   -7.800 0
   40.200   -7.800 12
   40.200   -7.800 3
   40.200   -7.800 15
   40.200   -7.800 40
   40.200   -7.800 17
   40.200   -7.800 59
   40.200   -7.800 89
   40.200   -7.800 25
   40.200   -7.800 0
   40.200   -7.800 0
   40.200   -7.800 0
   40.200   -7.800 0
   40.200   -7.800 37
   40.200   -7.800 9
   40.200   -7.800 2
   40.200   -7.800 7
   40.200   -7.800 23
   40.200   -7.800 69
   40.200   -7.800 1
