   41.800   -8.800 0
   41.800   -8.800 0
   41.800   -8.800 6
   41.800   -8.800 0
   41.800   -8.800 26
   41.800   -8.800 18
   41.800   -8.800 46
   41.800   -8.800 2
   41.800   -8.800 0
   41.800   -8.800 0
   41.800   -8.800 1
   41.800   -8.800 0
   41.800   -8.800 1
   41.800   -8.800 8
   41.800   -8.800 0
   41.800   -8.800 3
   41.800   -8.800 2
   41.800   -8.800 57
   41.800   -8.800 31
   41.800   -8.800 8
   41.800   -8.800 54
   41.800   -8.800 4
   41.800   -8.800 15
   41.800   -8.800 3
   41.800   -8.800 30
   41.800   -8.800 10
   41.800   -8.800 4
   41.800   -8.800 32
   41.800   -8.800 2
   41.800   -8.800 38
   41.800   -8.800 6
