   41.800   -8.800 9
   41.800   -8.800 34
   41.800   -8.800 2
   41.800   -8.800 2
   41.800   -8.800 21
   41.800   -8.800 0
   41.800   -8.800 0
   41.800   -8.800 0
   41.800   -8.800 0
   41.800   -8.800 0
   41.800   -8.800 2
   41.800   -8.800 30
   41.800   -8.800 0
   41.800   -8.800 14
   41.800   -8.800 27
   41.800   -8.800 2
   41.800   -8.800 14
   41.800   -8.800 0
   41.800   -8.800 0
   41.800   -8.800 7
   41.800   -8.800 0
   41.800   -8.800 0
   41.800   -8.800 0
   41.800   -8.800 0
   41.800   -8.800 3
   41.800   -8.800 13
   41.800   -8.800 28
   41.800   -8.800 5
   41.800   -8.800 0
   41.800   -8.800 0
