   41.600   -8.200 0
   41.600   -8.200 0
   41.600   -8.200 0
   41.600   -8.200 0
   41.600   -8.200 0
   41.600   -8.200 0
   41.600   -8.200 0
   41.600   -8.200 0
   41.600   -8.200 0
   41.600   -8.200 0
   41.600   -8.200 0
   41.600   -8.200 20
   41.600   -8.200 6
   41.600   -8.200 2
   41.600   -8.200 90
   41.600   -8.200 15
   41.600   -8.200 42
   41.600   -8.200 62
   41.600   -8.200 18
   41.600   -8.200 0
   41.600   -8.200 21
   41.600   -8.200 84
   41.600   -8.200 74
   41.600   -8.200 24
   41.600   -8.200 45
   41.600   -8.200 29
   41.600   -8.200 16
   41.600   -8.200 6
   41.600   -8.200 0
