   37.400   -7.800 7
   37.400   -7.800 17
   37.400   -7.800 16
   37.400   -7.800 1
   37.400   -7.800 5
   37.400   -7.800 15
   37.400   -7.800 12
   37.400   -7.800 1
   37.400   -7.800 5
   37.400   -7.800 4
   37.400   -7.800 4
   37.400   -7.800 4
   37.400   -7.800 0
   37.400   -7.800 0
   37.400   -7.800 0
   37.400   -7.800 0
   37.400   -7.800 0
   37.400   -7.800 0
   37.400   -7.800 0
   37.400   -7.800 0
   37.400   -7.800 0
   37.400   -7.800 0
   37.400   -7.800 0
   37.400   -7.800 0
   37.400   -7.800 0
   37.400   -7.800 0
   37.400   -7.800 0
   37.400   -7.800 0
   37.400   -7.800 0
   37.400   -7.800 0
