   39.800   -7.800 0
   39.800   -7.800 0
   39.800   -7.800 0
   39.800   -7.800 0
   39.800   -7.800 0
   39.800   -7.800 0
   39.800   -7.800 0
   39.800   -7.800 0
   39.800   -7.800 0
   39.800   -7.800 29
   39.800   -7.800 21
   39.800   -7.800 39
   39.800   -7.800 28
   39.800   -7.800 31
   39.800   -7.800 13
   39.800   -7.800 12
   39.800   -7.800 10
   39.800   -7.800 8
   39.800   -7.800 12
   39.800   -7.800 0
   39.800   -7.800 1
   39.800   -7.800 8
   39.800   -7.800 0
   39.800   -7.800 0
   39.800   -7.800 0
   39.800   -7.800 0
   39.800   -7.800 0
   39.800   -7.800 4
   39.800   -7.800 0
