   39.600   -8.800 0
   39.600   -8.800 0
   39.600   -8.800 15
   39.600   -8.800 54
   39.600   -8.800 16
   39.600   -8.800 25
   39.600   -8.800 17
   39.600   -8.800 31
   39.600   -8.800 11
   39.600   -8.800 10
   39.600   -8.800 14
   39.600   -8.800 0
   39.600   -8.800 0
   39.600   -8.800 0
   39.600   -8.800 0
   39.600   -8.800 6
   39.600   -8.800 26
   39.600   -8.800 16
   39.600   -8.800 4
   39.600   -8.800 6
   39.600   -8.800 1
   39.600   -8.800 1
   39.600   -8.800 0
   39.600   -8.800 0
   39.600   -8.800 0
   39.600   -8.800 0
   39.600   -8.800 0
   39.600   -8.800 0
   39.600   -8.800 0
   39.600   -8.800 0
