   38.800   -8.600 6
   38.800   -8.600 0
   38.800   -8.600 10
   38.800   -8.600 7
   38.800   -8.600 6
   38.800   -8.600 13
   38.800   -8.600 24
   38.800   -8.600 15
   38.800   -8.600 0
   38.800   -8.600 0
   38.800   -8.600 0
   38.800   -8.600 5
   38.800   -8.600 6
   38.800   -8.600 0
   38.800   -8.600 2
   38.800   -8.600 7
   38.800   -8.600 2
   38.800   -8.600 3
   38.800   -8.600 0
   38.800   -8.600 0
   38.800   -8.600 0
   38.800   -8.600 0
   38.800   -8.600 0
   38.800   -8.600 0
   38.800   -8.600 0
   38.800   -8.600 0
   38.800   -8.600 0
   38.800   -8.600 0
   38.800   -8.600 11
   38.800   -8.600 11
