   40.600   -7.200 14
   40.600   -7.200 16
   40.600   -7.200 8
   40.600   -7.200 0
   40.600   -7.200 1
   40.600   -7.200 4
   40.600   -7.200 9
   40.600   -7.200 13
   40.600   -7.200 1
   40.600   -7.200 0
   40.600   -7.200 2
   40.600   -7.200 0
   40.600   -7.200 1
   40.600   -7.200 0
   40.600   -7.200 16
   40.600   -7.200 13
   40.600   -7.200 2
   40.600   -7.200 11
   40.600   -7.200 0
   40.600   -7.200 0
   40.600   -7.200 0
   40.600   -7.200 0
   40.600   -7.200 0
   40.600   -7.200 0
   40.600   -7.200 0
   40.600   -7.200 0
   40.600   -7.200 0
   40.600   -7.200 0
   40.600   -7.200 0
   40.600   -7.200 0
   40.600   -7.200 0
