   41.600   -8.200 16
   41.600   -8.200 32
   41.600   -8.200 0
   41.600   -8.200 0
   41.600   -8.200 0
   41.600   -8.200 0
   41.600   -8.200 0
   41.600   -8.200 0
   41.600   -8.200 0
   41.600   -8.200 0
   41.600   -8.200 3
   41.600   -8.200 19
   41.600   -8.200 0
   41.600   -8.200 0
   41.600   -8.200 0
   41.600   -8.200 1
   41.600   -8.200 4
   41.600   -8.200 2
   41.600   -8.200 0
   41.600   -8.200 7
   41.600   -8.200 23
   41.600   -8.200 32
   41.600   -8.200 8
   41.600   -8.200 0
   41.600   -8.200 5
   41.600   -8.200 0
   41.600   -8.200 1
   41.600   -8.200 0
   41.600   -8.200 0
   41.600   -8.200 10
   41.600   -8.200 0
