   41.600   -8.200 29
   41.600   -8.200 0
   41.600   -8.200 0
   41.600   -8.200 0
   41.600   -8.200 0
   41.600   -8.200 0
   41.600   -8.200 0
   41.600   -8.200 0
   41.600   -8.200 3
   41.600   -8.200 1
   41.600   -8.200 31
   41.600   -8.200 27
   41.600   -8.200 13
   41.600   -8.200 6
   41.600   -8.200 14
   41.600   -8.200 6
   41.600   -8.200 36
   41.600   -8.200 1
   41.600   -8.200 22
   41.600   -8.200 22
   41.600   -8.200 14
   41.600   -8.200 10
   41.600   -8.200 4
   41.600   -8.200 2
   41.600   -8.200 4
   41.600   -8.200 9
   41.600   -8.200 12
   41.600   -8.200 7
   41.600   -8.200 3
   41.600   -8.200 11
