   38.600   -7.400 1
   38.600   -7.400 1
   38.600   -7.400 1
   38.600   -7.400 0
   38.600   -7.400 0
   38.600   -7.400 0
   38.600   -7.400 0
   38.600   -7.400 7
   38.600   -7.400 12
   38.600   -7.400 9
   38.600   -7.400 14
   38.600   -7.400 11
   38.600   -7.400 1
   38.600   -7.400 0
   38.600   -7.400 0
   38.600   -7.400 0
   38.600   -7.400 0
   38.600   -7.400 0
   38.600   -7.400 0
   38.600   -7.400 0
   38.600   -7.400 0
   38.600   -7.400 1
   38.600   -7.400 13
   38.600   -7.400 1
   38.600   -7.400 0
   38.600   -7.400 1
   38.600   -7.400 0
   38.600   -7.400 1
   38.600   -7.400 0
   38.600   -7.400 3
   38.600   -7.400 0
