   40.600   -7.200 0
   40.600   -7.200 0
   40.600   -7.200 0
   40.600   -7.200 0
   40.600   -7.200 0
   40.600   -7.200 0
   40.600   -7.200 15
   40.600   -7.200 0
   40.600   -7.200 2
   40.600   -7.200 6
   40.600   -7.200 0
   40.600   -7.200 0
   40.600   -7.200 0
   40.600   -7.200 2
   40.600   -7.200 16
   40.600   -7.200 2
   40.600   -7.200 9
   40.600   -7.200 21
   40.600   -7.200 18
   40.600   -7.200 26
   40.600   -7.200 5
   40.600   -7.200 3
   40.600   -7.200 23
   40.600   -7.200 48
   40.600   -7.200 3
   40.600   -7.200 38
   40.600   -7.200 1
   40.600   -7.200 0
   40.600   -7.200 0
   40.600   -7.200 0
