   40.600   -7.800 27
   40.600   -7.800 49
   40.600   -7.800 6
   40.600   -7.800 0
   40.600   -7.800 14
   40.600   -7.800 21
   40.600   -7.800 23
   40.600   -7.800 5
   40.600   -7.800 3
   40.600   -7.800 11
   40.600   -7.800 1
   40.600   -7.800 0
   40.600   -7.800 0
   40.600   -7.800 0
   40.600   -7.800 0
   40.600   -7.800 0
   40.600   -7.800 7
   40.600   -7.800 0
   40.600   -7.800 0
   40.600   -7.800 5
   40.600   -7.800 6
   40.600   -7.800 0
   40.600   -7.800 0
   40.600   -7.800 0
   40.600   -7.800 0
   40.600   -7.800 2
   40.600   -7.800 10
   40.600   -7.800 14
   40.600   -7.800 16
   40.600   -7.800 11
   40.600   -7.800 1
