   41.600   -8.200 1
   41.600   -8.200 5
   41.600   -8.200 5
   41.600   -8.200 2
   41.600   -8.200 17
   41.600   -8.200 0
   41.600   -8.200 0
   41.600   -8.200 0
   41.600   -8.200 0
   41.600   -8.200 9
   41.600   -8.200 2
   41.600   -8.200 0
   41.600   -8.200 0
   41.600   -8.200 0
   41.600   -8.200 0
   41.600   -8.200 0
   41.600   -8.200 0
   41.600   -8.200 0
   41.600   -8.200 0
   41.600   -8.200 1
   41.600   -8.200 4
   41.600   -8.200 20
   41.600   -8.200 40
   41.600   -8.200 39
   41.600   -8.200 17
   41.600   -8.200 13
   41.600   -8.200 10
   41.600   -8.200 11
   41.600   -8.200 15
   41.600   -8.200 1
