   41.800   -8.000 0
   41.800   -8.000 5
   41.800   -8.000 0
   41.800   -8.000 4
   41.800   -8.000 47
   41.800   -8.000 25
   41.800   -8.000 2
   41.800   -8.000 0
   41.800   -8.000 0
   41.800   -8.000 0
   41.800   -8.000 15
   41.800   -8.000 0
   41.800   -8.000 5
   41.800   -8.000 0
   41.800   -8.000 0
   41.800   -8.000 0
   41.800   -8.000 0
   41.800   -8.000 0
   41.800   -8.000 0
   41.800   -8.000 0
   41.800   -8.000 0
   41.800   -8.000 9
   41.800   -8.000 12
   41.800   -8.000 6
   41.800   -8.000 7
   41.800   -8.000 5
   41.800   -8.000 0
   41.800   -8.000 0
   41.800   -8.000 0
   41.800   -8.000 0
