   41.800   -8.000 0
   41.800   -8.000 0
   41.800   -8.000 8
   41.800   -8.000 7
   41.800   -8.000 8
   41.800   -8.000 13
   41.800   -8.000 9
   41.800   -8.000 14
   41.800   -8.000 12
   41.800   -8.000 29
   41.800   -8.000 8
   41.800   -8.000 5
   41.800   -8.000 0
   41.800   -8.000 0
   41.800   -8.000 14
   41.800   -8.000 7
   41.800   -8.000 2
   41.800   -8.000 4
   41.800   -8.000 23
   41.800   -8.000 12
   41.800   -8.000 0
   41.800   -8.000 0
   41.800   -8.000 0
   41.800   -8.000 0
   41.800   -8.000 0
   41.800   -8.000 0
   41.800   -8.000 0
   41.800   -8.000 0
   41.800   -8.000 0
