   40.200   -7.800 5
   40.200   -7.800 14
   40.200   -7.800 55
   40.200   -7.800 24
   40.200   -7.800 19
   40.200   -7.800 30
   40.200   -7.800 2
   40.200   -7.800 0
   40.200   -7.800 0
   40.200   -7.800 0
   40.200   -7.800 3
   40.200   -7.800 22
   40.200   -7.800 1
   40.200   -7.800 0
   40.200   -7.800 0
   40.200   -7.800 0
   40.200   -7.800 0
   40.200   -7.800 0
   40.200   -7.800 0
   40.200   -7.800 0
   40.200   -7.800 0
   40.200   -7.800 0
   40.200   -7.800 0
   40.200   -7.800 0
   40.200   -7.800 0
   40.200   -7.800 0
   40.200   -7.800 0
   40.200   -7.800 0
   40.200   -7.800 0
   40.200   -7.800 0
