   40.200   -7.800 0
   40.200   -7.800 0
   40.200   -7.800 0
   40.200   -7.800 0
   40.200   -7.800 0
   40.200   -7.800 0
   40.200   -7.800 0
   40.200   -7.800 0
   40.200   -7.800 0
   40.200   -7.800 0
   40.200   -7.800 0
   40.200   -7.800 0
   40.200   -7.800 0
   40.200   -7.800 0
   40.200   -7.800 38
   40.200   -7.800 1
   40.200   -7.800 0
   40.200   -7.800 14
   40.200   -7.800 0
   40.200   -7.800 0
   40.200   -7.800 0
   40.200   -7.800 0
   40.200   -7.800 0
   40.200   -7.800 0
   40.200   -7.800 0
   40.200   -7.800 0
   40.200   -7.800 0
   40.200   -7.800 0
   40.200   -7.800 0
   40.200   -7.800 0
