   39.800   -7.800 0
   39.800   -7.800 0
   39.800   -7.800 2
   39.800   -7.800 7
   39.800   -7.800 1
   39.800   -7.800 0
   39.800   -7.800 0
   39.800   -7.800 0
   39.800   -7.800 2
   39.800   -7.800 12
   39.800   -7.800 20
   39.800   -7.800 32
   39.800   -7.800 9
   39.800   -7.800 0
   39.800   -7.800 2
   39.800   -7.800 22
   39.800   -7.800 39
   39.800   -7.800 7
   39.800   -7.800 13
   39.800   -7.800 21
   39.800   -7.800 13
   39.800   -7.800 13
   39.800   -7.800 8
   39.800   -7.800 2
   39.800   -7.800 0
   39.800   -7.800 0
   39.800   -7.800 0
   39.800   -7.800 4
   39.800   -7.800 1
   39.800   -7.800 3
