   41.800   -8.000 0
   41.800   -8.000 9
   41.800   -8.000 9
   41.800   -8.000 23
   41.800   -8.000 0
   41.800   -8.000 8
   41.800   -8.000 16
   41.800   -8.000 8
   41.800   -8.000 7
   41.800   -8.000 11
   41.800   -8.000 23
   41.800   -8.000 25
   41.800   -8.000 6
   41.800   -8.000 4
   41.800   -8.000 4
   41.800   -8.000 0
   41.800   -8.000 0
   41.800   -8.000 0
   41.800   -8.000 0
   41.800   -8.000 0
   41.800   -8.000 14
   41.800   -8.000 11
   41.800   -8.000 7
   41.800   -8.000 10
   41.800   -8.000 9
   41.800   -8.000 2
   41.800   -8.000 0
   41.800   -8.000 0
   41.800   -8.000 0
   41.800   -8.000 0
   41.800   -8.000 0
