   41.800   -8.000 0
   41.800   -8.000 0
   41.800   -8.000 0
   41.800   -8.000 0
   41.800   -8.000 2
   41.800   -8.000 0
   41.800   -8.000 0
   41.800   -8.000 0
   41.800   -8.000 0
   41.800   -8.000 0
   41.800   -8.000 0
   41.800   -8.000 4
   41.800   -8.000 8
   41.800   -8.000 6
   41.800   -8.000 5
   41.800   -8.000 11
   41.800   -8.000 7
   41.800   -8.000 5
   41.800   -8.000 12
   41.800   -8.000 5
   41.800   -8.000 6
   41.800   -8.000 9
   41.800   -8.000 32
   41.800   -8.000 20
   41.800   -8.000 9
   41.800   -8.000 9
   41.800   -8.000 4
   41.800   -8.000 5
   41.800   -8.000 0
   41.800   -8.000 0
   41.800   -8.000 0
