   40.600   -8.600 0
   40.600   -8.600 0
   40.600   -8.600 0
   40.600   -8.600 0
   40.600   -8.600 0
   40.600   -8.600 0
   40.600   -8.600 0
   40.600   -8.600 0
   40.600   -8.600 0
   40.600   -8.600 0
   40.600   -8.600 0
   40.600   -8.600 0
   40.600   -8.600 0
   40.600   -8.600 0
   40.600   -8.600 0
   40.600   -8.600 0
   40.600   -8.600 0
   40.600   -8.600 0
   40.600   -8.600 5
   40.600   -8.600 6
   40.600   -8.600 0
   40.600   -8.600 2
   40.600   -8.600 0
   40.600   -8.600 45
   40.600   -8.600 4
   40.600   -8.600 3
   40.600   -8.600 17
   40.600   -8.600 0
   40.600   -8.600 12
   40.600   -8.600 11
