   40.600   -8.600 0
   40.600   -8.600 0
   40.600   -8.600 1
   40.600   -8.600 0
   40.600   -8.600 1
   40.600   -8.600 3
   40.600   -8.600 3
   40.600   -8.600 0
   40.600   -8.600 0
   40.600   -8.600 0
   40.600   -8.600 0
   40.600   -8.600 0
   40.600   -8.600 3
   40.600   -8.600 10
   40.600   -8.600 16
   40.600   -8.600 15
   40.600   -8.600 0
   40.600   -8.600 7
   40.600   -8.600 14
   40.600   -8.600 3
   40.600   -8.600 0
   40.600   -8.600 0
   40.600   -8.600 0
   40.600   -8.600 0
   40.600   -8.600 0
   40.600   -8.600 0
   40.600   -8.600 0
   40.600   -8.600 0
   40.600   -8.600 43
   40.600   -8.600 0
