   38.800   -9.200 0
   38.800   -9.200 0
   38.800   -9.200 1
   38.800   -9.200 2
   38.800   -9.200 0
   38.800   -9.200 0
   38.800   -9.200 0
   38.800   -9.200 0
   38.800   -9.200 0
   38.800   -9.200 0
   38.800   -9.200 0
   38.800   -9.200 0
   38.800   -9.200 0
   38.800   -9.200 0
   38.800   -9.200 0
   38.800   -9.200 0
   38.800   -9.200 0
   38.800   -9.200 0
   38.800   -9.200 0
   38.800   -9.200 0
   38.800   -9.200 1
   38.800   -9.200 1
   38.800   -9.200 29
   38.800   -9.200 23
   38.800   -9.200 2
   38.800   -9.200 1
   38.800   -9.200 6
   38.800   -9.200 1
   38.800   -9.200 3
   38.800   -9.200 3
