   40.200   -7.800 0
   40.200   -7.800 0
   40.200   -7.800 0
   40.200   -7.800 0
   40.200   -7.800 0
   40.200   -7.800 0
   40.200   -7.800 0
   40.200   -7.800 0
   40.200   -7.800 0
   40.200   -7.800 0
   40.200   -7.800 0
   40.200   -7.800 0
   40.200   -7.800 0
   40.200   -7.800 0
   40.200   -7.800 0
   40.200   -7.800 0
   40.200   -7.800 0
   40.200   -7.800 0
   40.200   -7.800 0
   40.200   -7.800 0
   40.200   -7.800 0
   40.200   -7.800 0
   40.200   -7.800 0
   40.200   -7.800 0
   40.200   -7.800 0
   40.200   -7.800 0
   40.200   -7.800 0
   40.200   -7.800 53
   40.200   -7.800 34
   40.200   -7.800 9
   40.200   -7.800 10
