   40.200   -7.800 22
   40.200   -7.800 6
   40.200   -7.800 2
   40.200   -7.800 19
   40.200   -7.800 28
   40.200   -7.800 10
   40.200   -7.800 4
   40.200   -7.800 0
   40.200   -7.800 41
   40.200   -7.800 12
   40.200   -7.800 10
   40.200   -7.800 18
   40.200   -7.800 13
   40.200   -7.800 4
   40.200   -7.800 5
   40.200   -7.800 20
   40.200   -7.800 18
   40.200   -7.800 2
   40.200   -7.800 2
   40.200   -7.800 0
   40.200   -7.800 0
   40.200   -7.800 0
   40.200   -7.800 0
   40.200   -7.800 0
   40.200   -7.800 0
   40.200   -7.800 0
   40.200   -7.800 0
   40.200   -7.800 0
   40.200   -7.800 0
