   41.400   -8.200 0
   41.400   -8.200 2
   41.400   -8.200 4
   41.400   -8.200 29
   41.400   -8.200 54
   41.400   -8.200 34
   41.400   -8.200 21
   41.400   -8.200 13
   41.400   -8.200 13
   41.400   -8.200 0
   41.400   -8.200 0
   41.400   -8.200 0
   41.400   -8.200 0
   41.400   -8.200 0
   41.400   -8.200 0
   41.400   -8.200 0
   41.400   -8.200 0
   41.400   -8.200 0
   41.400   -8.200 0
   41.400   -8.200 0
   41.400   -8.200 0
   41.400   -8.200 0
   41.400   -8.200 0
   41.400   -8.200 0
   41.400   -8.200 4
   41.400   -8.200 9
   41.400   -8.200 7
   41.400   -8.200 34
   41.400   -8.200 73
