   41.800   -8.800 0
   41.800   -8.800 0
   41.800   -8.800 0
   41.800   -8.800 0
   41.800   -8.800 0
   41.800   -8.800 1
   41.800   -8.800 21
   41.800   -8.800 3
   41.800   -8.800 11
   41.800   -8.800 9
   41.800   -8.800 4
   41.800   -8.800 1
   41.800   -8.800 0
   41.800   -8.800 0
   41.800   -8.800 2
   41.800   -8.800 1
   41.800   -8.800 0
   41.800   -8.800 4
   41.800   -8.800 0
   41.800   -8.800 20
   41.800   -8.800 3
   41.800   -8.800 0
   41.800   -8.800 8
   41.800   -8.800 14
   41.800   -8.800 4
   41.800   -8.800 3
   41.800   -8.800 3
   41.800   -8.800 0
   41.800   -8.800 0
   41.800   -8.800 14
