   40.200   -7.800 0
   40.200   -7.800 15
   40.200   -7.800 3
   40.200   -7.800 21
   40.200   -7.800 10
   40.200   -7.800 12
   40.200   -7.800 2
   40.200   -7.800 37
   40.200   -7.800 40
   40.200   -7.800 9
   40.200   -7.800 16
   40.200   -7.800 15
   40.200   -7.800 28
   40.200   -7.800 8
   40.200   -7.800 32
   40.200   -7.800 11
   40.200   -7.800 64
   40.200   -7.800 71
   40.200   -7.800 4
   40.200   -7.800 11
   40.200   -7.800 9
   40.200   -7.800 5
   40.200   -7.800 0
   40.200   -7.800 0
   40.200   -7.800 0
   40.200   -7.800 15
   40.200   -7.800 7
   40.200   -7.800 17
   40.200   -7.800 28
   40.200   -7.800 28
   40.200   -7.800 28
