   40.200   -7.800 58
   40.200   -7.800 59
   40.200   -7.800 12
   40.200   -7.800 23
   40.200   -7.800 31
   40.200   -7.800 12
   40.200   -7.800 7
   40.200   -7.800 3
   40.200   -7.800 0
   40.200   -7.800 12
   40.200   -7.800 1
   40.200   -7.800 1
   40.200   -7.800 1
   40.200   -7.800 0
   40.200   -7.800 0
   40.200   -7.800 0
   40.200   -7.800 0
   40.200   -7.800 0
   40.200   -7.800 0
   40.200   -7.800 0
   40.200   -7.800 0
   40.200   -7.800 0
   40.200   -7.800 13
   40.200   -7.800 0
   40.200   -7.800 3
   40.200   -7.800 0
   40.200   -7.800 0
   40.200   -7.800 5
   40.200   -7.800 4
   40.200   -7.800 4
