   40.200   -7.800 0
   40.200   -7.800 0
   40.200   -7.800 0
   40.200   -7.800 0
   40.200   -7.800 0
   40.200   -7.800 0
   40.200   -7.800 0
   40.200   -7.800 0
   40.200   -7.800 0
   40.200   -7.800 20
   40.200   -7.800 27
   40.200   -7.800 61
   40.200   -7.800 69
   40.200   -7.800 35
   40.200   -7.800 19
   40.200   -7.800 11
   40.200   -7.800 14
   40.200   -7.800 14
   40.200   -7.800 35
   40.200   -7.800 1
   40.200   -7.800 1
   40.200   -7.800 23
   40.200   -7.800 1
   40.200   -7.800 0
   40.200   -7.800 0
   40.200   -7.800 0
   40.200   -7.800 0
   40.200   -7.800 15
   40.200   -7.800 2
