   40.200   -7.800 0
   40.200   -7.800 0
   40.200   -7.800 0
   40.200   -7.800 0
   40.200   -7.800 0
   40.200   -7.800 0
   40.200   -7.800 0
   40.200   -7.800 1
   40.200   -7.800 1
   40.200   -7.800 0
   40.200   -7.800 3
   40.200   -7.800 9
   40.200   -7.800 15
   40.200   -7.800 1
   40.200   -7.800 5
   40.200   -7.800 0
   40.200   -7.800 0
   40.200   -7.800 31
   40.200   -7.800 20
   40.200   -7.800 2
   40.200   -7.800 4
   40.200   -7.800 0
   40.200   -7.800 0
   40.200   -7.800 2
   40.200   -7.800 2
   40.200   -7.800 0
   40.200   -7.800 0
   40.200   -7.800 1
   40.200   -7.800 0
   40.200   -7.800 0
   40.200   -7.800 0
