   41.800   -8.800 0
   41.800   -8.800 0
   41.800   -8.800 0
   41.800   -8.800 0
   41.800   -8.800 2
   41.800   -8.800 9
   41.800   -8.800 3
   41.800   -8.800 0
   41.800   -8.800 22
   41.800   -8.800 2
   41.800   -8.800 42
   41.800   -8.800 24
   41.800   -8.800 24
   41.800   -8.800 9
   41.800   -8.800 8
   41.800   -8.800 13
   41.800   -8.800 53
   41.800   -8.800 35
   41.800   -8.800 0
   41.800   -8.800 0
   41.800   -8.800 0
   41.800   -8.800 5
   41.800   -8.800 0
   41.800   -8.800 0
   41.800   -8.800 0
   41.800   -8.800 7
   41.800   -8.800 42
   41.800   -8.800 7
   41.800   -8.800 3
   41.800   -8.800 0
   41.800   -8.800 0
