   41.800   -8.800 0
   41.800   -8.800 0
   41.800   -8.800 0
   41.800   -8.800 0
   41.800   -8.800 0
   41.800   -8.800 0
   41.800   -8.800 0
   41.800   -8.800 0
   41.800   -8.800 0
   41.800   -8.800 0
   41.800   -8.800 0
   41.800   -8.800 3
   41.800   -8.800 8
   41.800   -8.800 7
   41.800   -8.800 4
   41.800   -8.800 10
   41.800   -8.800 38
   41.800   -8.800 39
   41.800   -8.800 10
   41.800   -8.800 56
   41.800   -8.800 30
   41.800   -8.800 19
   41.800   -8.800 11
   41.800   -8.800 8
   41.800   -8.800 0
   41.800   -8.800 0
   41.800   -8.800 0
   41.800   -8.800 0
   41.800   -8.800 1
