   40.200   -7.800 30
   40.200   -7.800 37
   40.200   -7.800 12
   40.200   -7.800 3
   40.200   -7.800 1
   40.200   -7.800 0
   40.200   -7.800 8
   40.200   -7.800 24
   40.200   -7.800 13
   40.200   -7.800 3
   40.200   -7.800 36
   40.200   -7.800 28
   40.200   -7.800 9
   40.200   -7.800 3
   40.200   -7.800 1
   40.200   -7.800 0
   40.200   -7.800 0
   40.200   -7.800 0
   40.200   -7.800 0
   40.200   -7.800 0
   40.200   -7.800 0
   40.200   -7.800 0
   40.200   -7.800 1
   40.200   -7.800 1
   40.200   -7.800 0
   40.200   -7.800 0
   40.200   -7.800 0
   40.200   -7.800 0
   40.200   -7.800 4
