   41.800   -8.800 32
   41.800   -8.800 18
   41.800   -8.800 8
   41.800   -8.800 0
   41.800   -8.800 35
   41.800   -8.800 12
   41.800   -8.800 18
   41.800   -8.800 8
   41.800   -8.800 5
   41.800   -8.800 11
   41.800   -8.800 9
   41.800   -8.800 0
   41.800   -8.800 0
   41.800   -8.800 0
   41.800   -8.800 0
   41.800   -8.800 0
   41.800   -8.800 6
   41.800   -8.800 0
   41.800   -8.800 0
   41.800   -8.800 1
   41.800   -8.800 4
   41.800   -8.800 0
   41.800   -8.800 0
   41.800   -8.800 0
   41.800   -8.800 6
   41.800   -8.800 53
   41.800   -8.800 13
   41.800   -8.800 59
   41.800   -8.800 38
   41.800   -8.800 55
   41.800   -8.800 9
