   40.600   -8.600 0
   40.600   -8.600 9
   40.600   -8.600 1
   40.600   -8.600 0
   40.600   -8.600 0
   40.600   -8.600 0
   40.600   -8.600 0
   40.600   -8.600 0
   40.600   -8.600 0
   40.600   -8.600 0
   40.600   -8.600 0
   40.600   -8.600 15
   40.600   -8.600 0
   40.600   -8.600 23
   40.600   -8.600 2
   40.600   -8.600 0
   40.600   -8.600 7
   40.600   -8.600 0
   40.600   -8.600 0
   40.600   -8.600 2
   40.600   -8.600 8
   40.600   -8.600 9
   40.600   -8.600 0
   40.600   -8.600 18
   40.600   -8.600 3
   40.600   -8.600 3
   40.600   -8.600 3
   40.600   -8.600 3
   40.600   -8.600 0
