   40.200   -7.800 36
   40.200   -7.800 5
   40.200   -7.800 0
   40.200   -7.800 0
   40.200   -7.800 7
   40.200   -7.800 47
   40.200   -7.800 2
   40.200   -7.800 0
   40.200   -7.800 19
   40.200   -7.800 2
   40.200   -7.800 0
   40.200   -7.800 5
   40.200   -7.800 17
   40.200   -7.800 9
   40.200   -7.800 25
   40.200   -7.800 24
   40.200   -7.800 35
   40.200   -7.800 16
   40.200   -7.800 2
   40.200   -7.800 19
   40.200   -7.800 0
   40.200   -7.800 0
   40.200   -7.800 0
   40.200   -7.800 0
   40.200   -7.800 0
   40.200   -7.800 0
   40.200   -7.800 0
   40.200   -7.800 0
   40.200   -7.800 0
   40.200   -7.800 0
