   40.200   -7.800 19
   40.200   -7.800 9
   40.200   -7.800 0
   40.200   -7.800 7
   40.200   -7.800 36
   40.200   -7.800 23
   40.200   -7.800 25
   40.200   -7.800 12
   40.200   -7.800 44
   40.200   -7.800 13
   40.200   -7.800 44
   40.200   -7.800 25
   40.200   -7.800 7
   40.200   -7.800 28
   40.200   -7.800 3
   40.200   -7.800 0
   40.200   -7.800 0
   40.200   -7.800 5
   40.200   -7.800 0
   40.200   -7.800 1
   40.200   -7.800 6
   40.200   -7.800 29
   40.200   -7.800 20
   40.200   -7.800 4
   40.200   -7.800 40
   40.200   -7.800 15
   40.200   -7.800 22
   40.200   -7.800 17
   40.200   -7.800 28
