   40.200   -7.800 0
   40.200   -7.800 0
   40.200   -7.800 0
   40.200   -7.800 0
   40.200   -7.800 0
   40.200   -7.800 0
   40.200   -7.800 0
   40.200   -7.800 8
   40.200   -7.800 5
   40.200   -7.800 0
   40.200   -7.800 0
   40.200   -7.800 0
   40.200   -7.800 0
   40.200   -7.800 15
   40.200   -7.800 36
   40.200   -7.800 6
   40.200   -7.800 6
   40.200   -7.800 40
   40.200   -7.800 17
   40.200   -7.800 13
   40.200   -7.800 1
   40.200   -7.800 14
   40.200   -7.800 28
   40.200   -7.800 24
   40.200   -7.800 22
   40.200   -7.800 26
   40.200   -7.800 17
   40.200   -7.800 28
   40.200   -7.800 30
