   38.800   -9.200 7
   38.800   -9.200 2
   38.800   -9.200 7
   38.800   -9.200 14
   38.800   -9.200 22
   38.800   -9.200 20
   38.800   -9.200 0
   38.800   -9.200 2
   38.800   -9.200 0
   38.800   -9.200 0
   38.800   -9.200 0
   38.800   -9.200 0
   38.800   -9.200 2
   38.800   -9.200 42
   38.800   -9.200 1
   38.800   -9.200 2
   38.800   -9.200 2
   38.800   -9.200 4
   38.800   -9.200 1
   38.800   -9.200 0
   38.800   -9.200 0
   38.800   -9.200 12
   38.800   -9.200 31
   38.800   -9.200 3
   38.800   -9.200 0
   38.800   -9.200 1
   38.800   -9.200 0
   38.800   -9.200 0
   38.800   -9.200 9
   38.800   -9.200 13
