   41.200   -7.200 0
   41.200   -7.200 0
   41.200   -7.200 0
   41.200   -7.200 0
   41.200   -7.200 0
   41.200   -7.200 1
   41.200   -7.200 0
   41.200   -7.200 0
   41.200   -7.200 24
   41.200   -7.200 0
   41.200   -7.200 24
   41.200   -7.200 9
   41.200   -7.200 26
   41.200   -7.200 2
   41.200   -7.200 0
   41.200   -7.200 2
   41.200   -7.200 2
   41.200   -7.200 0
   41.200   -7.200 0
   41.200   -7.200 0
   41.200   -7.200 0
   41.200   -7.200 2
   41.200   -7.200 0
   41.200   -7.200 0
   41.200   -7.200 0
   41.200   -7.200 2
   41.200   -7.200 8
   41.200   -7.200 6
   41.200   -7.200 10
   41.200   -7.200 0
   41.200   -7.200 0
