   39.800   -7.800 7
   39.800   -7.800 34
   39.800   -7.800 26
   39.800   -7.800 5
   39.800   -7.800 0
   39.800   -7.800 0
   39.800   -7.800 0
   39.800   -7.800 0
   39.800   -7.800 2
   39.800   -7.800 8
   39.800   -7.800 27
   39.800   -7.800 16
   39.800   -7.800 22
   39.800   -7.800 20
   39.800   -7.800 18
   39.800   -7.800 34
   39.800   -7.800 55
   39.800   -7.800 23
   39.800   -7.800 16
   39.800   -7.800 2
   39.800   -7.800 0
   39.800   -7.800 0
   39.800   -7.800 4
   39.800   -7.800 0
   39.800   -7.800 0
   39.800   -7.800 0
   39.800   -7.800 0
   39.800   -7.800 0
   39.800   -7.800 0
