   41.400   -8.200 0
   41.400   -8.200 24
   41.400   -8.200 0
   41.400   -8.200 4
   41.400   -8.200 4
   41.400   -8.200 10
   41.400   -8.200 24
   41.400   -8.200 7
   41.400   -8.200 5
   41.400   -8.200 0
   41.400   -8.200 17
   41.400   -8.200 12
   41.400   -8.200 6
   41.400   -8.200 0
   41.400   -8.200 0
   41.400   -8.200 0
   41.400   -8.200 0
   41.400   -8.200 0
   41.400   -8.200 0
   41.400   -8.200 0
   41.400   -8.200 0
   41.400   -8.200 0
   41.400   -8.200 0
   41.400   -8.200 4
   41.400   -8.200 2
   41.400   -8.200 0
   41.400   -8.200 0
   41.400   -8.200 0
   41.400   -8.200 0
   41.400   -8.200 6
