   40.600   -8.600 4
   40.600   -8.600 34
   40.600   -8.600 9
   40.600   -8.600 22
   40.600   -8.600 0
   40.600   -8.600 25
   40.600   -8.600 11
   40.600   -8.600 7
   40.600   -8.600 8
   40.600   -8.600 14
   40.600   -8.600 16
   40.600   -8.600 25
   40.600   -8.600 26
   40.600   -8.600 30
   40.600   -8.600 0
   40.600   -8.600 0
   40.600   -8.600 0
   40.600   -8.600 0
   40.600   -8.600 0
   40.600   -8.600 0
   40.600   -8.600 0
   40.600   -8.600 0
   40.600   -8.600 19
   40.600   -8.600 15
   40.600   -8.600 4
   40.600   -8.600 0
   40.600   -8.600 0
   40.600   -8.600 0
   40.600   -8.600 0
   40.600   -8.600 0
   40.600   -8.600 0
