   40.600   -7.200 0
   40.600   -7.200 0
   40.600   -7.200 0
   40.600   -7.200 101
   40.600   -7.200 64
   40.600   -7.200 103
   40.600   -7.200 28
   40.600   -7.200 66
   40.600   -7.200 10
   40.600   -7.200 5
   40.600   -7.200 20
   40.600   -7.200 5
   40.600   -7.200 1
   40.600   -7.200 0
   40.600   -7.200 0
   40.600   -7.200 0
   40.600   -7.200 56
   40.600   -7.200 14
   40.600   -7.200 0
   40.600   -7.200 2
   40.600   -7.200 0
   40.600   -7.200 2
   40.600   -7.200 0
   40.600   -7.200 0
   40.600   -7.200 0
   40.600   -7.200 0
   40.600   -7.200 0
   40.600   -7.200 0
   40.600   -7.200 0
   40.600   -7.200 0
