   38.000   -7.800 0
   38.000   -7.800 0
   38.000   -7.800 0
   38.000   -7.800 0
   38.000   -7.800 0
   38.000   -7.800 0
   38.000   -7.800 0
   38.000   -7.800 0
   38.000   -7.800 0
   38.000   -7.800 0
   38.000   -7.800 0
   38.000   -7.800 0
   38.000   -7.800 0
   38.000   -7.800 0
   38.000   -7.800 0
   38.000   -7.800 0
   38.000   -7.800 0
   38.000   -7.800 0
   38.000   -7.800 0
   38.000   -7.800 0
   38.000   -7.800 0
   38.000   -7.800 0
   38.000   -7.800 0
   38.000   -7.800 0
   38.000   -7.800 0
   38.000   -7.800 0
   38.000   -7.800 0
   38.000   -7.800 0
   38.000   -7.800 0
   38.000   -7.800 27
   38.000   -7.800 0
