   41.400   -8.200 0
   41.400   -8.200 0
   41.400   -8.200 0
   41.400   -8.200 2
   41.400   -8.200 0
   41.400   -8.200 0
   41.400   -8.200 0
   41.400   -8.200 0
   41.400   -8.200 0
   41.400   -8.200 0
   41.400   -8.200 0
   41.400   -8.200 4
   41.400   -8.200 1
   41.400   -8.200 0
   41.400   -8.200 5
   41.400   -8.200 2
   41.400   -8.200 0
   41.400   -8.200 0
   41.400   -8.200 0
   41.400   -8.200 0
   41.400   -8.200 0
   41.400   -8.200 0
   41.400   -8.200 0
   41.400   -8.200 22
   41.400   -8.200 16
   41.400   -8.200 11
   41.400   -8.200 18
   41.400   -8.200 27
   41.400   -8.200 28
   41.400   -8.200 12
