   41.200   -7.200 0
   41.200   -7.200 0
   41.200   -7.200 0
   41.200   -7.200 0
   41.200   -7.200 0
   41.200   -7.200 7
   41.200   -7.200 0
   41.200   -7.200 0
   41.200   -7.200 7
   41.200   -7.200 0
   41.200   -7.200 0
   41.200   -7.200 0
   41.200   -7.200 0
   41.200   -7.200 0
   41.200   -7.200 5
   41.200   -7.200 12
   41.200   -7.200 1
   41.200   -7.200 11
   41.200   -7.200 0
   41.200   -7.200 46
   41.200   -7.200 6
   41.200   -7.200 17
   41.200   -7.200 4
   41.200   -7.200 15
   41.200   -7.200 5
   41.200   -7.200 2
   41.200   -7.200 6
   41.200   -7.200 22
   41.200   -7.200 1
   41.200   -7.200 1
