   41.400   -8.200 0
   41.400   -8.200 0
   41.400   -8.200 32
   41.400   -8.200 11
   41.400   -8.200 4
   41.400   -8.200 2
   41.400   -8.200 0
   41.400   -8.200 10
   41.400   -8.200 13
   41.400   -8.200 6
   41.400   -8.200 7
   41.400   -8.200 24
   41.400   -8.200 22
   41.400   -8.200 14
   41.400   -8.200 15
   41.400   -8.200 3
   41.400   -8.200 0
   41.400   -8.200 0
   41.400   -8.200 0
   41.400   -8.200 1
   41.400   -8.200 0
   41.400   -8.200 0
   41.400   -8.200 4
   41.400   -8.200 0
   41.400   -8.200 0
   41.400   -8.200 12
   41.400   -8.200 0
   41.400   -8.200 0
   41.400   -8.200 0
   41.400   -8.200 0
   41.400   -8.200 0
