   38.800   -8.600 0
   38.800   -8.600 5
   38.800   -8.600 0
   38.800   -8.600 13
   38.800   -8.600 0
   38.800   -8.600 0
   38.800   -8.600 0
   38.800   -8.600 0
   38.800   -8.600 0
   38.800   -8.600 9
   38.800   -8.600 3
   38.800   -8.600 9
   38.800   -8.600 7
   38.800   -8.600 0
   38.800   -8.600 0
   38.800   -8.600 7
   38.800   -8.600 4
   38.800   -8.600 3
   38.800   -8.600 20
   38.800   -8.600 19
   38.800   -8.600 3
   38.800   -8.600 1
   38.800   -8.600 3
   38.800   -8.600 3
   38.800   -8.600 0
   38.800   -8.600 0
   38.800   -8.600 0
   38.800   -8.600 11
   38.800   -8.600 1
   38.800   -8.600 6
   38.800   -8.600 2
