   40.600   -7.800 28
   40.600   -7.800 21
   40.600   -7.800 11
   40.600   -7.800 5
   40.600   -7.800 23
   40.600   -7.800 3
   40.600   -7.800 6
   40.600   -7.800 0
   40.600   -7.800 0
   40.600   -7.800 0
   40.600   -7.800 0
   40.600   -7.800 0
   40.600   -7.800 0
   40.600   -7.800 0
   40.600   -7.800 0
   40.600   -7.800 0
   40.600   -7.800 0
   40.600   -7.800 0
   40.600   -7.800 0
   40.600   -7.800 0
   40.600   -7.800 0
   40.600   -7.800 14
   40.600   -7.800 4
   40.600   -7.800 0
   40.600   -7.800 0
   40.600   -7.800 8
   40.600   -7.800 0
   40.600   -7.800 0
   40.600   -7.800 0
   40.600   -7.800 0
