   41.400   -8.200 2
   41.400   -8.200 12
   41.400   -8.200 0
   41.400   -8.200 0
   41.400   -8.200 0
   41.400   -8.200 0
   41.400   -8.200 2
   41.400   -8.200 22
   41.400   -8.200 3
   41.400   -8.200 27
   41.400   -8.200 57
   41.400   -8.200 13
   41.400   -8.200 19
   41.400   -8.200 8
   41.400   -8.200 13
   41.400   -8.200 20
   41.400   -8.200 34
   41.400   -8.200 23
   41.400   -8.200 34
   41.400   -8.200 24
   41.400   -8.200 44
   41.400   -8.200 9
   41.400   -8.200 26
   41.400   -8.200 16
   41.400   -8.200 9
   41.400   -8.200 0
   41.400   -8.200 0
   41.400   -8.200 6
   41.400   -8.200 8
   41.400   -8.200 19
   41.400   -8.200 2
