   41.400   -8.200 40
   41.400   -8.200 13
   41.400   -8.200 4
   41.400   -8.200 0
   41.400   -8.200 1
   41.400   -8.200 0
   41.400   -8.200 0
   41.400   -8.200 0
   41.400   -8.200 0
   41.400   -8.200 0
   41.400   -8.200 17
   41.400   -8.200 19
   41.400   -8.200 27
   41.400   -8.200 8
   41.400   -8.200 9
   41.400   -8.200 34
   41.400   -8.200 15
   41.400   -8.200 23
   41.400   -8.200 1
   41.400   -8.200 0
   41.400   -8.200 1
   41.400   -8.200 37
   41.400   -8.200 34
   41.400   -8.200 2
   41.400   -8.200 0
   41.400   -8.200 0
   41.400   -8.200 0
   41.400   -8.200 0
   41.400   -8.200 0
   41.400   -8.200 0
   41.400   -8.200 0
