   41.400   -8.200 15
   41.400   -8.200 0
   41.400   -8.200 4
   41.400   -8.200 2
   41.400   -8.200 0
   41.400   -8.200 2
   41.400   -8.200 33
   41.400   -8.200 23
   41.400   -8.200 60
   41.400   -8.200 28
   41.400   -8.200 40
   41.400   -8.200 36
   41.400   -8.200 38
   41.400   -8.200 5
   41.400   -8.200 19
   41.400   -8.200 10
   41.400   -8.200 49
   41.400   -8.200 45
   41.400   -8.200 61
   41.400   -8.200 30
   41.400   -8.200 36
   41.400   -8.200 6
   41.400   -8.200 8
   41.400   -8.200 0
   41.400   -8.200 29
   41.400   -8.200 6
   41.400   -8.200 16
   41.400   -8.200 0
   41.400   -8.200 0
