   41.400   -8.200 0
   41.400   -8.200 1
   41.400   -8.200 33
   41.400   -8.200 4
   41.400   -8.200 11
   41.400   -8.200 2
   41.400   -8.200 41
   41.400   -8.200 54
   41.400   -8.200 7
   41.400   -8.200 25
   41.400   -8.200 29
   41.400   -8.200 21
   41.400   -8.200 12
   41.400   -8.200 25
   41.400   -8.200 27
   41.400   -8.200 0
   41.400   -8.200 20
   41.400   -8.200 19
   41.400   -8.200 0
   41.400   -8.200 0
   41.400   -8.200 0
   41.400   -8.200 1
   41.400   -8.200 0
   41.400   -8.200 0
   41.400   -8.200 3
   41.400   -8.200 0
   41.400   -8.200 0
   41.400   -8.200 0
   41.400   -8.200 0
   41.400   -8.200 0
