   40.200   -7.800 0
   40.200   -7.800 0
   40.200   -7.800 3
   40.200   -7.800 0
   40.200   -7.800 0
   40.200   -7.800 0
   40.200   -7.800 0
   40.200   -7.800 0
   40.200   -7.800 0
   40.200   -7.800 0
   40.200   -7.800 0
   40.200   -7.800 0
   40.200   -7.800 0
   40.200   -7.800 0
   40.200   -7.800 0
   40.200   -7.800 3
   40.200   -7.800 31
   40.200   -7.800 23
   40.200   -7.800 17
   40.200   -7.800 6
   40.200   -7.800 10
   40.200   -7.800 3
   40.200   -7.800 3
   40.200   -7.800 22
   40.200   -7.800 15
   40.200   -7.800 10
   40.200   -7.800 0
   40.200   -7.800 0
   40.200   -7.800 0
   40.200   -7.800 1
   40.200   -7.800 15
