   40.200   -7.800 17
   40.200   -7.800 15
   40.200   -7.800 21
   40.200   -7.800 30
   40.200   -7.800 17
   40.200   -7.800 9
   40.200   -7.800 19
   40.200   -7.800 14
   40.200   -7.800 38
   40.200   -7.800 20
   40.200   -7.800 39
   40.200   -7.800 17
   40.200   -7.800 0
   40.200   -7.800 0
   40.200   -7.800 3
   40.200   -7.800 37
   40.200   -7.800 9
   40.200   -7.800 11
   40.200   -7.800 11
   40.200   -7.800 3
   40.200   -7.800 1
   40.200   -7.800 26
   40.200   -7.800 41
   40.200   -7.800 12
   40.200   -7.800 0
   40.200   -7.800 9
   40.200   -7.800 2
   40.200   -7.800 1
   40.200   -7.800 0
   40.200   -7.800 0
