   38.800   -9.200 12
   38.800   -9.200 7
   38.800   -9.200 8
   38.800   -9.200 7
   38.800   -9.200 0
   38.800   -9.200 7
   38.800   -9.200 39
   38.800   -9.200 12
   38.800   -9.200 0
   38.800   -9.200 1
   38.800   -9.200 0
   38.800   -9.200 0
   38.800   -9.200 0
   38.800   -9.200 0
   38.800   -9.200 7
   38.800   -9.200 16
   38.800   -9.200 16
   38.800   -9.200 6
   38.800   -9.200 6
   38.800   -9.200 0
   38.800   -9.200 0
   38.800   -9.200 0
   38.800   -9.200 0
   38.800   -9.200 0
   38.800   -9.200 0
   38.800   -9.200 0
   38.800   -9.200 0
   38.800   -9.200 0
   38.800   -9.200 10
   38.800   -9.200 8
   38.800   -9.200 0
