   40.600   -8.600 0
   40.600   -8.600 1
   40.600   -8.600 0
   40.600   -8.600 0
   40.600   -8.600 2
   40.600   -8.600 1
   40.600   -8.600 6
   40.600   -8.600 0
   40.600   -8.600 0
   40.600   -8.600 0
   40.600   -8.600 0
   40.600   -8.600 0
   40.600   -8.600 0
   40.600   -8.600 0
   40.600   -8.600 0
   40.600   -8.600 0
   40.600   -8.600 0
   40.600   -8.600 0
   40.600   -8.600 1
   40.600   -8.600 17
   40.600   -8.600 24
   40.600   -8.600 14
   40.600   -8.600 41
   40.600   -8.600 47
   40.600   -8.600 6
   40.600   -8.600 10
   40.600   -8.600 13
   40.600   -8.600 18
   40.600   -8.600 11
