   39.800   -7.800 0
   39.800   -7.800 1
   39.800   -7.800 0
   39.800   -7.800 0
   39.800   -7.800 15
   39.800   -7.800 1
   39.800   -7.800 1
   39.800   -7.800 6
   39.800   -7.800 0
   39.800   -7.800 10
   39.800   -7.800 90
   39.800   -7.800 22
   39.800   -7.800 27
   39.800   -7.800 18
   39.800   -7.800 38
   39.800   -7.800 9
   39.800   -7.800 10
   39.800   -7.800 0
   39.800   -7.800 0
   39.800   -7.800 6
   39.800   -7.800 4
   39.800   -7.800 0
   39.800   -7.800 0
   39.800   -7.800 0
   39.800   -7.800 0
   39.800   -7.800 0
   39.800   -7.800 0
   39.800   -7.800 0
   39.800   -7.800 0
   39.800   -7.800 0
   39.800   -7.800 0
