   39.800   -7.800 49
   39.800   -7.800 18
   39.800   -7.800 4
   39.800   -7.800 19
   39.800   -7.800 42
   39.800   -7.800 13
   39.800   -7.800 37
   39.800   -7.800 44
   39.800   -7.800 6
   39.800   -7.800 12
   39.800   -7.800 1
   39.800   -7.800 3
   39.800   -7.800 7
   39.800   -7.800 5
   39.800   -7.800 9
   39.800   -7.800 8
   39.800   -7.800 33
   39.800   -7.800 15
   39.800   -7.800 7
   39.800   -7.800 8
   39.800   -7.800 0
   39.800   -7.800 0
   39.800   -7.800 0
   39.800   -7.800 0
   39.800   -7.800 0
   39.800   -7.800 0
   39.800   -7.800 0
   39.800   -7.800 0
   39.800   -7.800 0
   39.800   -7.800 0
   39.800   -7.800 2
