   41.600   -8.200 26
   41.600   -8.200 32
   41.600   -8.200 1
   41.600   -8.200 16
   41.600   -8.200 70
   41.600   -8.200 127
   41.600   -8.200 42
   41.600   -8.200 38
   41.600   -8.200 55
   41.600   -8.200 76
   41.600   -8.200 35
   41.600   -8.200 37
   41.600   -8.200 36
   41.600   -8.200 48
   41.600   -8.200 5
   41.600   -8.200 0
   41.600   -8.200 0
   41.600   -8.200 0
   41.600   -8.200 0
   41.600   -8.200 0
   41.600   -8.200 40
   41.600   -8.200 112
   41.600   -8.200 19
   41.600   -8.200 5
   41.600   -8.200 47
   41.600   -8.200 72
   41.600   -8.200 84
   41.600   -8.200 32
   41.600   -8.200 91
