   41.600   -8.200 2
   41.600   -8.200 1
   41.600   -8.200 0
   41.600   -8.200 0
   41.600   -8.200 0
   41.600   -8.200 0
   41.600   -8.200 0
   41.600   -8.200 8
   41.600   -8.200 10
   41.600   -8.200 0
   41.600   -8.200 0
   41.600   -8.200 0
   41.600   -8.200 0
   41.600   -8.200 41
   41.600   -8.200 118
   41.600   -8.200 30
   41.600   -8.200 24
   41.600   -8.200 96
   41.600   -8.200 42
   41.600   -8.200 17
   41.600   -8.200 0
   41.600   -8.200 21
   41.600   -8.200 14
   41.600   -8.200 52
   41.600   -8.200 55
   41.600   -8.200 33
   41.600   -8.200 68
   41.600   -8.200 47
   41.600   -8.200 44
