   41.600   -8.200 35
   41.600   -8.200 13
   41.600   -8.200 3
   41.600   -8.200 0
   41.600   -8.200 0
   41.600   -8.200 0
   41.600   -8.200 0
   41.600   -8.200 0
   41.600   -8.200 0
   41.600   -8.200 2
   41.600   -8.200 0
   41.600   -8.200 9
   41.600   -8.200 8
   41.600   -8.200 25
   41.600   -8.200 8
   41.600   -8.200 1
   41.600   -8.200 1
   41.600   -8.200 1
   41.600   -8.200 2
   41.600   -8.200 0
   41.600   -8.200 0
   41.600   -8.200 0
   41.600   -8.200 0
   41.600   -8.200 0
   41.600   -8.200 0
   41.600   -8.200 0
   41.600   -8.200 9
   41.600   -8.200 19
   41.600   -8.200 25
   41.600   -8.200 7
   41.600   -8.200 8
