   38.200   -8.600 14
   38.200   -8.600 21
   38.200   -8.600 1
   38.200   -8.600 7
   38.200   -8.600 0
   38.200   -8.600 0
   38.200   -8.600 0
   38.200   -8.600 0
   38.200   -8.600 0
   38.200   -8.600 0
   38.200   -8.600 0
   38.200   -8.600 3
   38.200   -8.600 0
   38.200   -8.600 0
   38.200   -8.600 0
   38.200   -8.600 0
   38.200   -8.600 0
   38.200   -8.600 3
   38.200   -8.600 8
   38.200   -8.600 2
   38.200   -8.600 19
   38.200   -8.600 11
   38.200   -8.600 5
   38.200   -8.600 21
   38.200   -8.600 0
   38.200   -8.600 0
   38.200   -8.600 0
   38.200   -8.600 1
   38.200   -8.600 10
   38.200   -8.600 6
   38.200   -8.600 19
