   41.800   -8.800 2
   41.800   -8.800 0
   41.800   -8.800 7
   41.800   -8.800 25
   41.800   -8.800 17
   41.800   -8.800 20
   41.800   -8.800 2
   41.800   -8.800 2
   41.800   -8.800 7
   41.800   -8.800 0
   41.800   -8.800 0
   41.800   -8.800 0
   41.800   -8.800 0
   41.800   -8.800 0
   41.800   -8.800 0
   41.800   -8.800 0
   41.800   -8.800 0
   41.800   -8.800 0
   41.800   -8.800 0
   41.800   -8.800 11
   41.800   -8.800 22
   41.800   -8.800 13
   41.800   -8.800 11
   41.800   -8.800 4
   41.800   -8.800 4
   41.800   -8.800 23
   41.800   -8.800 18
   41.800   -8.800 32
   41.800   -8.800 13
   41.800   -8.800 6
