   41.800   -8.800 25
   41.800   -8.800 3
   41.800   -8.800 26
   41.800   -8.800 7
   41.800   -8.800 18
   41.800   -8.800 0
   41.800   -8.800 4
   41.800   -8.800 10
   41.800   -8.800 1
   41.800   -8.800 1
   41.800   -8.800 0
   41.800   -8.800 0
   41.800   -8.800 3
   41.800   -8.800 25
   41.800   -8.800 4
   41.800   -8.800 0
   41.800   -8.800 0
   41.800   -8.800 6
   41.800   -8.800 1
   41.800   -8.800 0
   41.800   -8.800 28
   41.800   -8.800 8
   41.800   -8.800 3
   41.800   -8.800 13
   41.800   -8.800 27
   41.800   -8.800 12
   41.800   -8.800 2
   41.800   -8.800 1
   41.800   -8.800 0
