   41.800   -8.800 4
   41.800   -8.800 9
   41.800   -8.800 5
   41.800   -8.800 4
   41.800   -8.800 1
   41.800   -8.800 0
   41.800   -8.800 0
   41.800   -8.800 8
   41.800   -8.800 27
   41.800   -8.800 14
   41.800   -8.800 8
   41.800   -8.800 15
   41.800   -8.800 18
   41.800   -8.800 29
   41.800   -8.800 14
   41.800   -8.800 4
   41.800   -8.800 3
   41.800   -8.800 1
   41.800   -8.800 8
   41.800   -8.800 6
   41.800   -8.800 21
   41.800   -8.800 13
   41.800   -8.800 11
   41.800   -8.800 1
   41.800   -8.800 0
   41.800   -8.800 0
   41.800   -8.800 0
   41.800   -8.800 0
   41.800   -8.800 1
   41.800   -8.800 0
   41.800   -8.800 3
