   41.800   -8.800 0
   41.800   -8.800 0
   41.800   -8.800 0
   41.800   -8.800 0
   41.800   -8.800 0
   41.800   -8.800 0
   41.800   -8.800 9
   41.800   -8.800 8
   41.800   -8.800 4
   41.800   -8.800 5
   41.800   -8.800 10
   41.800   -8.800 49
   41.800   -8.800 13
   41.800   -8.800 35
   41.800   -8.800 17
   41.800   -8.800 0
   41.800   -8.800 0
   41.800   -8.800 16
   41.800   -8.800 51
   41.800   -8.800 23
   41.800   -8.800 8
   41.800   -8.800 19
   41.800   -8.800 15
   41.800   -8.800 0
   41.800   -8.800 0
   41.800   -8.800 0
   41.800   -8.800 0
   41.800   -8.800 31
   41.800   -8.800 14
   41.800   -8.800 4
   41.800   -8.800 1
