   38.800   -8.600 0
   38.800   -8.600 0
   38.800   -8.600 1
   38.800   -8.600 3
   38.800   -8.600 26
   38.800   -8.600 0
   38.800   -8.600 0
   38.800   -8.600 0
   38.800   -8.600 8
   38.800   -8.600 2
   38.800   -8.600 6
   38.800   -8.600 2
   38.800   -8.600 0
   38.800   -8.600 1
   38.800   -8.600 0
   38.800   -8.600 42
   38.800   -8.600 31
   38.800   -8.600 4
   38.800   -8.600 2
   38.800   -8.600 9
   38.800   -8.600 8
   38.800   -8.600 3
   38.800   -8.600 0
   38.800   -8.600 0
   38.800   -8.600 0
   38.800   -8.600 0
   38.800   -8.600 0
   38.800   -8.600 0
   38.800   -8.600 0
