   40.600   -8.600 20
   40.600   -8.600 3
   40.600   -8.600 1
   40.600   -8.600 31
   40.600   -8.600 12
   40.600   -8.600 10
   40.600   -8.600 10
   40.600   -8.600 0
   40.600   -8.600 0
   40.600   -8.600 0
   40.600   -8.600 0
   40.600   -8.600 36
   40.600   -8.600 18
   40.600   -8.600 1
   40.600   -8.600 3
   40.600   -8.600 1
   40.600   -8.600 0
   40.600   -8.600 0
   40.600   -8.600 0
   40.600   -8.600 2
   40.600   -8.600 2
   40.600   -8.600 19
   40.600   -8.600 9
   40.600   -8.600 15
   40.600   -8.600 4
   40.600   -8.600 3
   40.600   -8.600 0
   40.600   -8.600 9
   40.600   -8.600 3
   40.600   -8.600 40
