   40.600   -8.600 3
   40.600   -8.600 0
   40.600   -8.600 0
   40.600   -8.600 0
   40.600   -8.600 0
   40.600   -8.600 0
   40.600   -8.600 0
   40.600   -8.600 4
   40.600   -8.600 3
   40.600   -8.600 0
   40.600   -8.600 0
   40.600   -8.600 0
   40.600   -8.600 4
   40.600   -8.600 17
   40.600   -8.600 34
   40.600   -8.600 4
   40.600   -8.600 5
   40.600   -8.600 32
   40.600   -8.600 8
   40.600   -8.600 7
   40.600   -8.600 0
   40.600   -8.600 13
   40.600   -8.600 10
   40.600   -8.600 27
   40.600   -8.600 12
   40.600   -8.600 15
   40.600   -8.600 20
   40.600   -8.600 20
   40.600   -8.600 22
