   40.600   -8.600 6
   40.600   -8.600 1
   40.600   -8.600 16
   40.600   -8.600 30
   40.600   -8.600 26
   40.600   -8.600 14
   40.600   -8.600 6
   40.600   -8.600 32
   40.600   -8.600 16
   40.600   -8.600 14
   40.600   -8.600 17
   40.600   -8.600 11
   40.600   -8.600 18
   40.600   -8.600 4
   40.600   -8.600 0
   40.600   -8.600 0
   40.600   -8.600 0
   40.600   -8.600 6
   40.600   -8.600 27
   40.600   -8.600 25
   40.600   -8.600 7
   40.600   -8.600 11
   40.600   -8.600 4
   40.600   -8.600 1
   40.600   -8.600 9
   40.600   -8.600 3
   40.600   -8.600 11
   40.600   -8.600 1
   40.600   -8.600 0
   40.600   -8.600 0
   40.600   -8.600 24
