   41.400   -8.200 1
   41.400   -8.200 1
   41.400   -8.200 0
   41.400   -8.200 14
   41.400   -8.200 5
   41.400   -8.200 22
   41.400   -8.200 48
   41.400   -8.200 1
   41.400   -8.200 22
   41.400   -8.200 27
   41.400   -8.200 38
   41.400   -8.200 3
   41.400   -8.200 0
   41.400   -8.200 0
   41.400   -8.200 0
   41.400   -8.200 7
   41.400   -8.200 16
   41.400   -8.200 5
   41.400   -8.200 0
   41.400   -8.200 0
   41.400   -8.200 0
   41.400   -8.200 0
   41.400   -8.200 0
   41.400   -8.200 0
   41.400   -8.200 0
   41.400   -8.200 0
   41.400   -8.200 2
   41.400   -8.200 0
   41.400   -8.200 5
   41.400   -8.200 3
   41.400   -8.200 0
   41.400   -8.200 11
   41.400   -8.200 20
   41.400   -8.200 1
   41.400   -8.200 0
   41.400   -8.200 0
   41.400   -8.200 7
   41.400   -8.200 16
   41.400   -8.200 10
   41.400   -8.200 31
   41.400   -8.200 6
   41.400   -8.200 0
   41.400   -8.200 0
   41.400   -8.200 0
   41.400   -8.200 0
   41.400   -8.200 1
   41.400   -8.200 12
   41.400   -8.200 2
   41.400   -8.200 0
   41.400   -8.200 0
   41.400   -8.200 0
   41.400   -8.200 3
   41.400   -8.200 3
   41.400   -8.200 0
   41.400   -8.200 0
   41.400   -8.200 0
   41.400   -8.200 0
   41.400   -8.200 6
   41.400   -8.200 53
   41.400   -8.200 20
   41.400   -8.200 0
   41.400   -8.200 1
   41.400   -8.200 4
   41.400   -8.200 23
   41.400   -8.200 31
   41.400   -8.200 16
   41.400   -8.200 24
   41.400   -8.200 17
   41.400   -8.200 17
   41.400   -8.200 4
   41.400   -8.200 60
   41.400   -8.200 1
   41.400   -8.200 0
   41.400   -8.200 0
   41.400   -8.200 16
   41.400   -8.200 19
   41.400   -8.200 7
   41.400   -8.200 0
   41.400   -8.200 0
   41.400   -8.200 2
   41.400   -8.200 12
   41.400   -8.200 1
   41.400   -8.200 1
   41.400   -8.200 0
   41.400   -8.200 0
   41.400   -8.200 0
   41.400   -8.200 0
   41.400   -8.200 0
   41.400   -8.200 0
   41.400   -8.200 0
   41.400   -8.200 0
   41.400   -8.200 0
   41.400   -8.200 6
   41.400   -8.200 4
   41.400   -8.200 18
   41.400   -8.200 1
   41.400   -8.200 0
   41.400   -8.200 0
   41.400   -8.200 0
   41.400   -8.200 0
   41.400   -8.200 0
   41.400   -8.200 0
   41.400   -8.200 0
   41.400   -8.200 0
   41.400   -8.200 7
   41.400   -8.200 0
   41.400   -8.200 0
   41.400   -8.200 0
   41.400   -8.200 1
   41.400   -8.200 0
   41.400   -8.200 0
   41.400   -8.200 0
   41.400   -8.200 0
   41.400   -8.200 0
   41.400   -8.200 3
   41.400   -8.200 2
   41.400   -8.200 2
   41.400   -8.200 5
   41.400   -8.200 0
   41.400   -8.200 0
   41.400   -8.200 0
   41.400   -8.200 0
   41.400   -8.200 0
   41.400   -8.200 0
   41.400   -8.200 0
   41.400   -8.200 0
   41.400   -8.200 0
   41.400   -8.200 0
   41.400   -8.200 0
   41.400   -8.200 0
   41.400   -8.200 0
   41.400   -8.200 0
   41.400   -8.200 0
   41.400   -8.200 0
   41.400   -8.200 0
   41.400   -8.200 0
   41.400   -8.200 0
   41.400   -8.200 0
   41.400   -8.200 0
   41.400   -8.200 0
   41.400   -8.200 0
   41.400   -8.200 0
   41.400   -8.200 0
   41.400   -8.200 0
   41.400   -8.200 0
   41.400   -8.200 0
   41.400   -8.200 0
   41.400   -8.200 0
   41.400   -8.200 0
   41.400   -8.200 0
   41.400   -8.200 6
   41.400   -8.200 6
   41.400   -8.200 2
   41.400   -8.200 5
   41.400   -8.200 0
   41.400   -8.200 0
   41.400   -8.200 8
   41.400   -8.200 21
   41.400   -8.200 2
   41.400   -8.200 0
   41.400   -8.200 0
   41.400   -8.200 0
   41.400   -8.200 0
   41.400   -8.200 0
   41.400   -8.200 0
   41.400   -8.200 0
   41.400   -8.200 0
   41.400   -8.200 0
   41.400   -8.200 0
   41.400   -8.200 0
   41.400   -8.200 0
   41.400   -8.200 0
   41.400   -8.200 1
   41.400   -8.200 0
   41.400   -8.200 0
   41.400   -8.200 0
   41.400   -8.200 0
   41.400   -8.200 0
   41.400   -8.200 0
   41.400   -8.200 0
   41.400   -8.200 0
   41.400   -8.200 0
   41.400   -8.200 0
   41.400   -8.200 0
   41.400   -8.200 0
   41.400   -8.200 0
   41.400   -8.200 0
   41.400   -8.200 8
   41.400   -8.200 1
   41.400   -8.200 0
   41.400   -8.200 0
   41.400   -8.200 0
   41.400   -8.200 0
   41.400   -8.200 0
   41.400   -8.200 0
   41.400   -8.200 0
   41.400   -8.200 0
   41.400   -8.200 0
   41.400   -8.200 0
   41.400   -8.200 0
   41.400   -8.200 0
   41.400   -8.200 0
   41.400   -8.200 0
   41.400   -8.200 0
   41.400   -8.200 0
   41.400   -8.200 0
   41.400   -8.200 0
   41.400   -8.200 0
   41.400   -8.200 0
   41.400   -8.200 3
   41.400   -8.200 3
   41.400   -8.200 3
   41.400   -8.200 0
   41.400   -8.200 0
   41.400   -8.200 0
   41.400   -8.200 0
   41.400   -8.200 0
   41.400   -8.200 0
   41.400   -8.200 0
   41.400   -8.200 0
   41.400   -8.200 0
   41.400   -8.200 0
   41.400   -8.200 0
   41.400   -8.200 0
   41.400   -8.200 0
   41.400   -8.200 0
   41.400   -8.200 0
   41.400   -8.200 0
   41.400   -8.200 0
   41.400   -8.200 0
   41.400   -8.200 0
   41.400   -8.200 0
   41.400   -8.200 0
   41.400   -8.200 6
   41.400   -8.200 1
   41.400   -8.200 0
   41.400   -8.200 0
   41.400   -8.200 0
   41.400   -8.200 0
   41.400   -8.200 0
   41.400   -8.200 0
   41.400   -8.200 5
   41.400   -8.200 7
   41.400   -8.200 0
   41.400   -8.200 0
   41.400   -8.200 0
   41.400   -8.200 0
   41.400   -8.200 0
   41.400   -8.200 0
   41.400   -8.200 0
   41.400   -8.200 0
   41.400   -8.200 0
   41.400   -8.200 0
   41.400   -8.200 2
   41.400   -8.200 26
   41.400   -8.200 0
   41.400   -8.200 0
   41.400   -8.200 0
   41.400   -8.200 0
   41.400   -8.200 0
   41.400   -8.200 0
   41.400   -8.200 0
   41.400   -8.200 0
   41.400   -8.200 1
   41.400   -8.200 0
   41.400   -8.200 0
   41.400   -8.200 0
   41.400   -8.200 1
   41.400   -8.200 3
   41.400   -8.200 0
   41.400   -8.200 34
   41.400   -8.200 24
   41.400   -8.200 2
   41.400   -8.200 0
   41.400   -8.200 0
   41.400   -8.200 0
   41.400   -8.200 0
   41.400   -8.200 0
   41.400   -8.200 0
   41.400   -8.200 0
   41.400   -8.200 5
   41.400   -8.200 21
   41.400   -8.200 4
   41.400   -8.200 12
   41.400   -8.200 16
   41.400   -8.200 7
   41.400   -8.200 7
   41.400   -8.200 3
   41.400   -8.200 0
   41.400   -8.200 0
   41.400   -8.200 0
   41.400   -8.200 0
   41.400   -8.200 0
   41.400   -8.200 0
   41.400   -8.200 0
   41.400   -8.200 0
   41.400   -8.200 0
   41.400   -8.200 0
   41.400   -8.200 11
   41.400   -8.200 2
   41.400   -8.200 16
   41.400   -8.200 2
   41.400   -8.200 7
   41.400   -8.200 5
   41.400   -8.200 3
   41.400   -8.200 26
   41.400   -8.200 32
   41.400   -8.200 31
   41.400   -8.200 0
   41.400   -8.200 0
   41.400   -8.200 0
   41.400   -8.200 0
   41.400   -8.200 0
   41.400   -8.200 0
   41.400   -8.200 0
   41.400   -8.200 1
   41.400   -8.200 46
   41.400   -8.200 2
   41.400   -8.200 52
   41.400   -8.200 5
   41.400   -8.200 0
   41.400   -8.200 12
   41.400   -8.200 4
   41.400   -8.200 0
   41.400   -8.200 0
   41.400   -8.200 0
   41.400   -8.200 0
   41.400   -8.200 0
   41.400   -8.200 65
   41.400   -8.200 36
   41.400   -8.200 0
   41.400   -8.200 0
   41.400   -8.200 0
   41.400   -8.200 0
   41.400   -8.200 11
   41.400   -8.200 0
   41.400   -8.200 0
   41.400   -8.200 0
   41.400   -8.200 0
   41.400   -8.200 3
   41.400   -8.200 0
   41.400   -8.200 5
   41.400   -8.200 0
   41.400   -8.200 0
   41.400   -8.200 0
   41.400   -8.200 0
   41.400   -8.200 0
   41.400   -8.200 0
   41.400   -8.200 10
   41.400   -8.200 0
   41.400   -8.200 5
   41.400   -8.200 0
   41.400   -8.200 0
   41.400   -8.200 0
   41.400   -8.200 0
   41.400   -8.200 0
   41.400   -8.200 0
   41.400   -8.200 0
   41.400   -8.200 0
   41.400   -8.200 0
   41.400   -8.200 0
   41.400   -8.200 0
   41.400   -8.200 0
   41.400   -8.200 0
   41.400   -8.200 0
