   41.400   -8.200 15
   41.400   -8.200 61
   41.400   -8.200 20
   41.400   -8.200 23
   41.400   -8.200 15
   41.400   -8.200 2
   41.400   -8.200 9
   41.400   -8.200 40
   41.400   -8.200 2
   41.400   -8.200 8
   41.400   -8.200 0
   41.400   -8.200 0
   41.400   -8.200 0
   41.400   -8.200 0
   41.400   -8.200 0
   41.400   -8.200 0
   41.400   -8.200 0
   41.400   -8.200 0
   41.400   -8.200 0
   41.400   -8.200 0
   41.400   -8.200 0
   41.400   -8.200 0
   41.400   -8.200 2
   41.400   -8.200 10
   41.400   -8.200 2
   41.400   -8.200 0
   41.400   -8.200 1
   41.400   -8.200 31
   41.400   -8.200 2
   41.400   -8.200 0
