   41.400   -8.200 0
   41.400   -8.200 0
   41.400   -8.200 39
   41.400   -8.200 9
   41.400   -8.200 5
   41.400   -8.200 26
   41.400   -8.200 2
   41.400   -8.200 2
   41.400   -8.200 3
   41.400   -8.200 0
   41.400   -8.200 0
   41.400   -8.200 0
   41.400   -8.200 0
   41.400   -8.200 0
   41.400   -8.200 0
   41.400   -8.200 0
   41.400   -8.200 0
   41.400   -8.200 0
   41.400   -8.200 0
   41.400   -8.200 22
   41.400   -8.200 11
   41.400   -8.200 35
   41.400   -8.200 43
   41.400   -8.200 41
   41.400   -8.200 57
   41.400   -8.200 11
   41.400   -8.200 0
   41.400   -8.200 0
   41.400   -8.200 6
