   41.400   -8.200 0
   41.400   -8.200 13
   41.400   -8.200 17
   41.400   -8.200 24
   41.400   -8.200 15
   41.400   -8.200 11
   41.400   -8.200 25
   41.400   -8.200 14
   41.400   -8.200 2
   41.400   -8.200 0
   41.400   -8.200 0
   41.400   -8.200 0
   41.400   -8.200 0
   41.400   -8.200 0
   41.400   -8.200 0
   41.400   -8.200 0
   41.400   -8.200 0
   41.400   -8.200 5
   41.400   -8.200 5
   41.400   -8.200 11
   41.400   -8.200 1
   41.400   -8.200 0
   41.400   -8.200 0
   41.400   -8.200 0
   41.400   -8.200 0
   41.400   -8.200 0
   41.400   -8.200 0
   41.400   -8.200 0
   41.400   -8.200 0
   41.400   -8.200 0
