   40.600   -7.200 71
   40.600   -7.200 23
   40.600   -7.200 1
   40.600   -7.200 0
   40.600   -7.200 0
   40.600   -7.200 0
   40.600   -7.200 0
   40.600   -7.200 0
   40.600   -7.200 5
   40.600   -7.200 6
   40.600   -7.200 0
   40.600   -7.200 4
   40.600   -7.200 14
   40.600   -7.200 0
   40.600   -7.200 1
   40.600   -7.200 7
   40.600   -7.200 0
   40.600   -7.200 0
   40.600   -7.200 0
   40.600   -7.200 0
   40.600   -7.200 0
   40.600   -7.200 0
   40.600   -7.200 0
   40.600   -7.200 0
   40.600   -7.200 0
   40.600   -7.200 0
   40.600   -7.200 0
   40.600   -7.200 0
   40.600   -7.200 0
   40.600   -7.200 0
   40.600   -7.200 0
