   40.600   -7.200 19
   40.600   -7.200 27
   40.600   -7.200 4
   40.600   -7.200 0
   40.600   -7.200 19
   40.600   -7.200 21
   40.600   -7.200 27
   40.600   -7.200 2
   40.600   -7.200 1
   40.600   -7.200 6
   40.600   -7.200 0
   40.600   -7.200 0
   40.600   -7.200 0
   40.600   -7.200 0
   40.600   -7.200 0
   40.600   -7.200 2
   40.600   -7.200 18
   40.600   -7.200 12
   40.600   -7.200 3
   40.600   -7.200 2
   40.600   -7.200 10
   40.600   -7.200 0
   40.600   -7.200 0
   40.600   -7.200 0
   40.600   -7.200 0
   40.600   -7.200 0
   40.600   -7.200 4
   40.600   -7.200 7
   40.600   -7.200 3
   40.600   -7.200 1
   40.600   -7.200 2
