   38.800   -9.200 13
   38.800   -9.200 21
   38.800   -9.200 6
   38.800   -9.200 18
   38.800   -9.200 6
   38.800   -9.200 0
   38.800   -9.200 3
   38.800   -9.200 5
   38.800   -9.200 0
   38.800   -9.200 0
   38.800   -9.200 0
   38.800   -9.200 0
   38.800   -9.200 0
   38.800   -9.200 3
   38.800   -9.200 3
   38.800   -9.200 3
   38.800   -9.200 0
   38.800   -9.200 0
   38.800   -9.200 0
   38.800   -9.200 0
   38.800   -9.200 0
   38.800   -9.200 5
   38.800   -9.200 6
   38.800   -9.200 25
   38.800   -9.200 0
   38.800   -9.200 6
   38.800   -9.200 1
   38.800   -9.200 1
   38.800   -9.200 0
   38.800   -9.200 0
   38.800   -9.200 0
