   41.400   -8.200 3
   41.400   -8.200 14
   41.400   -8.200 2
   41.400   -8.200 0
   41.400   -8.200 0
   41.400   -8.200 0
   41.400   -8.200 0
   41.400   -8.200 0
   41.400   -8.200 0
   41.400   -8.200 13
   41.400   -8.200 4
   41.400   -8.200 0
   41.400   -8.200 0
   41.400   -8.200 0
   41.400   -8.200 0
   41.400   -8.200 0
   41.400   -8.200 0
   41.400   -8.200 17
   41.400   -8.200 22
   41.400   -8.200 6
   41.400   -8.200 20
   41.400   -8.200 11
   41.400   -8.200 19
   41.400   -8.200 22
   41.400   -8.200 8
   41.400   -8.200 1
   41.400   -8.200 51
   41.400   -8.200 5
   41.400   -8.200 8
   41.400   -8.200 8
   41.400   -8.200 4
