   41.400   -8.200 18
   41.400   -8.200 21
   41.400   -8.200 0
   41.400   -8.200 11
   41.400   -8.200 53
   41.400   -8.200 91
   41.400   -8.200 23
   41.400   -8.200 14
   41.400   -8.200 43
   41.400   -8.200 37
   41.400   -8.200 27
   41.400   -8.200 31
   41.400   -8.200 19
   41.400   -8.200 47
   41.400   -8.200 2
   41.400   -8.200 0
   41.400   -8.200 0
   41.400   -8.200 0
   41.400   -8.200 0
   41.400   -8.200 0
   41.400   -8.200 17
   41.400   -8.200 103
   41.400   -8.200 15
   41.400   -8.200 2
   41.400   -8.200 36
   41.400   -8.200 37
   41.400   -8.200 68
   41.400   -8.200 11
   41.400   -8.200 61
