   41.800   -8.000 8
   41.800   -8.000 20
   41.800   -8.000 2
   41.800   -8.000 0
   41.800   -8.000 0
   41.800   -8.000 6
   41.800   -8.000 28
   41.800   -8.000 14
   41.800   -8.000 6
   41.800   -8.000 0
   41.800   -8.000 0
   41.800   -8.000 0
   41.800   -8.000 0
   41.800   -8.000 0
   41.800   -8.000 1
   41.800   -8.000 10
   41.800   -8.000 7
   41.800   -8.000 13
   41.800   -8.000 7
   41.800   -8.000 0
   41.800   -8.000 1
   41.800   -8.000 0
   41.800   -8.000 0
   41.800   -8.000 0
   41.800   -8.000 0
   41.800   -8.000 0
   41.800   -8.000 0
   41.800   -8.000 0
   41.800   -8.000 7
   41.800   -8.000 8
   41.800   -8.000 0
