   41.800   -8.000 3
   41.800   -8.000 11
   41.800   -8.000 16
   41.800   -8.000 5
   41.800   -8.000 8
   41.800   -8.000 17
   41.800   -8.000 38
   41.800   -8.000 18
   41.800   -8.000 46
   41.800   -8.000 12
   41.800   -8.000 43
   41.800   -8.000 10
   41.800   -8.000 0
   41.800   -8.000 0
   41.800   -8.000 4
   41.800   -8.000 35
   41.800   -8.000 12
   41.800   -8.000 9
   41.800   -8.000 9
   41.800   -8.000 4
   41.800   -8.000 0
   41.800   -8.000 26
   41.800   -8.000 24
   41.800   -8.000 8
   41.800   -8.000 1
   41.800   -8.000 19
   41.800   -8.000 10
   41.800   -8.000 1
   41.800   -8.000 1
   41.800   -8.000 2
