   38.800   -9.200 45
   38.800   -9.200 54
   38.800   -9.200 3
   38.800   -9.200 3
   38.800   -9.200 24
   38.800   -9.200 6
   38.800   -9.200 0
   38.800   -9.200 1
   38.800   -9.200 3
   38.800   -9.200 21
   38.800   -9.200 0
   38.800   -9.200 0
   38.800   -9.200 9
   38.800   -9.200 0
   38.800   -9.200 0
   38.800   -9.200 0
   38.800   -9.200 0
   38.800   -9.200 0
   38.800   -9.200 0
   38.800   -9.200 0
   38.800   -9.200 0
   38.800   -9.200 0
   38.800   -9.200 23
   38.800   -9.200 12
   38.800   -9.200 0
   38.800   -9.200 0
   38.800   -9.200 4
   38.800   -9.200 16
   38.800   -9.200 0
   38.800   -9.200 1
