   38.800   -9.200 0
   38.800   -9.200 0
   38.800   -9.200 0
   38.800   -9.200 0
   38.800   -9.200 0
   38.800   -9.200 0
   38.800   -9.200 0
   38.800   -9.200 0
   38.800   -9.200 0
   38.800   -9.200 27
   38.800   -9.200 12
   38.800   -9.200 30
   38.800   -9.200 8
   38.800   -9.200 20
   38.800   -9.200 9
   38.800   -9.200 16
   38.800   -9.200 9
   38.800   -9.200 19
   38.800   -9.200 7
   38.800   -9.200 0
   38.800   -9.200 1
   38.800   -9.200 4
   38.800   -9.200 0
   38.800   -9.200 0
   38.800   -9.200 0
   38.800   -9.200 0
   38.800   -9.200 0
   38.800   -9.200 1
   38.800   -9.200 0
