   38.800   -9.200 2
   38.800   -9.200 5
   38.800   -9.200 0
   38.800   -9.200 0
   38.800   -9.200 0
   38.800   -9.200 0
   38.800   -9.200 0
   38.800   -9.200 0
   38.800   -9.200 0
   38.800   -9.200 0
   38.800   -9.200 6
   38.800   -9.200 10
   38.800   -9.200 0
   38.800   -9.200 0
   38.800   -9.200 16
   38.800   -9.200 25
   38.800   -9.200 20
   38.800   -9.200 3
   38.800   -9.200 2
   38.800   -9.200 0
   38.800   -9.200 22
   38.800   -9.200 2
   38.800   -9.200 3
   38.800   -9.200 6
   38.800   -9.200 9
   38.800   -9.200 8
   38.800   -9.200 0
   38.800   -9.200 0
   38.800   -9.200 0
