   39.800   -7.800 0
   39.800   -7.800 13
   39.800   -7.800 5
   39.800   -7.800 14
   39.800   -7.800 1
   39.800   -7.800 5
   39.800   -7.800 4
   39.800   -7.800 5
   39.800   -7.800 0
   39.800   -7.800 0
   39.800   -7.800 0
   39.800   -7.800 0
   39.800   -7.800 18
   39.800   -7.800 23
   39.800   -7.800 3
   39.800   -7.800 30
   39.800   -7.800 7
   39.800   -7.800 0
   39.800   -7.800 0
   39.800   -7.800 0
   39.800   -7.800 0
   39.800   -7.800 0
   39.800   -7.800 0
   39.800   -7.800 0
   39.800   -7.800 0
   39.800   -7.800 2
   39.800   -7.800 0
   39.800   -7.800 0
   39.800   -7.800 0
   39.800   -7.800 0
   39.800   -7.800 0
