   39.800   -7.800 35
   39.800   -7.800 1
   39.800   -7.800 25
   39.800   -7.800 29
   39.800   -7.800 2
   39.800   -7.800 12
   39.800   -7.800 29
   39.800   -7.800 0
   39.800   -7.800 7
   39.800   -7.800 10
   39.800   -7.800 0
   39.800   -7.800 0
   39.800   -7.800 0
   39.800   -7.800 0
   39.800   -7.800 1
   39.800   -7.800 0
   39.800   -7.800 1
   39.800   -7.800 0
   39.800   -7.800 3
   39.800   -7.800 6
   39.800   -7.800 3
   39.800   -7.800 3
   39.800   -7.800 6
   39.800   -7.800 18
   39.800   -7.800 0
   39.800   -7.800 0
   39.800   -7.800 1
   39.800   -7.800 2
   39.800   -7.800 0
   39.800   -7.800 0
   39.800   -7.800 0
