   39.800   -7.800 18
   39.800   -7.800 0
   39.800   -7.800 0
   39.800   -7.800 0
   39.800   -7.800 0
   39.800   -7.800 0
   39.800   -7.800 20
   39.800   -7.800 22
   39.800   -7.800 1
   39.800   -7.800 7
   39.800   -7.800 16
   39.800   -7.800 10
   39.800   -7.800 20
   39.800   -7.800 21
   39.800   -7.800 11
   39.800   -7.800 18
   39.800   -7.800 3
   39.800   -7.800 0
   39.800   -7.800 7
   39.800   -7.800 1
   39.800   -7.800 0
   39.800   -7.800 0
   39.800   -7.800 0
   39.800   -7.800 0
   39.800   -7.800 0
   39.800   -7.800 0
   39.800   -7.800 2
   39.800   -7.800 0
   39.800   -7.800 3
   39.800   -7.800 8
   39.800   -7.800 40
