   39.800   -7.800 44
   39.800   -7.800 82
   39.800   -7.800 13
   39.800   -7.800 25
   39.800   -7.800 21
   39.800   -7.800 5
   39.800   -7.800 1
   39.800   -7.800 3
   39.800   -7.800 14
   39.800   -7.800 8
   39.800   -7.800 12
   39.800   -7.800 4
   39.800   -7.800 1
   39.800   -7.800 0
   39.800   -7.800 1
   39.800   -7.800 1
   39.800   -7.800 0
   39.800   -7.800 1
   39.800   -7.800 4
   39.800   -7.800 0
   39.800   -7.800 1
   39.800   -7.800 0
   39.800   -7.800 0
   39.800   -7.800 0
   39.800   -7.800 0
   39.800   -7.800 2
   39.800   -7.800 0
   39.800   -7.800 0
   39.800   -7.800 1
