   39.600   -8.800 5
   39.600   -8.800 20
   39.600   -8.800 13
   39.600   -8.800 5
   39.600   -8.800 3
   39.600   -8.800 3
   39.600   -8.800 3
   39.600   -8.800 0
   39.600   -8.800 0
   39.600   -8.800 0
   39.600   -8.800 0
   39.600   -8.800 0
   39.600   -8.800 0
   39.600   -8.800 0
   39.600   -8.800 2
   39.600   -8.800 2
   39.600   -8.800 0
   39.600   -8.800 0
   39.600   -8.800 0
   39.600   -8.800 0
   39.600   -8.800 0
   39.600   -8.800 5
   39.600   -8.800 4
   39.600   -8.800 0
   39.600   -8.800 0
   39.600   -8.800 3
   39.600   -8.800 0
   39.600   -8.800 5
   39.600   -8.800 0
   39.600   -8.800 0
   39.600   -8.800 1
