   39.800   -7.800 0
   39.800   -7.800 3
   39.800   -7.800 6
   39.800   -7.800 0
   39.800   -7.800 1
   39.800   -7.800 0
   39.800   -7.800 0
   39.800   -7.800 0
   39.800   -7.800 0
   39.800   -7.800 0
   39.800   -7.800 0
   39.800   -7.800 0
   39.800   -7.800 0
   39.800   -7.800 0
   39.800   -7.800 0
   39.800   -7.800 3
   39.800   -7.800 46
   39.800   -7.800 28
   39.800   -7.800 13
   39.800   -7.800 13
   39.800   -7.800 6
   39.800   -7.800 0
   39.800   -7.800 1
   39.800   -7.800 15
   39.800   -7.800 22
   39.800   -7.800 0
   39.800   -7.800 0
   39.800   -7.800 0
   39.800   -7.800 0
   39.800   -7.800 8
   39.800   -7.800 39
