   41.800   -8.800 16
   41.800   -8.800 15
   41.800   -8.800 0
   41.800   -8.800 0
   41.800   -8.800 0
   41.800   -8.800 0
   41.800   -8.800 0
   41.800   -8.800 0
   41.800   -8.800 0
   41.800   -8.800 6
   41.800   -8.800 26
   41.800   -8.800 4
   41.800   -8.800 22
   41.800   -8.800 2
   41.800   -8.800 0
   41.800   -8.800 5
   41.800   -8.800 5
   41.800   -8.800 2
   41.800   -8.800 0
   41.800   -8.800 0
   41.800   -8.800 0
   41.800   -8.800 0
   41.800   -8.800 39
   41.800   -8.800 22
   41.800   -8.800 0
   41.800   -8.800 0
   41.800   -8.800 0
   41.800   -8.800 0
   41.800   -8.800 1
   41.800   -8.800 0
