   38.200   -8.600 0
   38.200   -8.600 0
   38.200   -8.600 8
   38.200   -8.600 3
   38.200   -8.600 3
   38.200   -8.600 0
   38.200   -8.600 12
   38.200   -8.600 8
   38.200   -8.600 7
   38.200   -8.600 11
   38.200   -8.600 24
   38.200   -8.600 4
   38.200   -8.600 3
   38.200   -8.600 33
   38.200   -8.600 5
   38.200   -8.600 0
   38.200   -8.600 0
   38.200   -8.600 0
   38.200   -8.600 0
   38.200   -8.600 0
   38.200   -8.600 0
   38.200   -8.600 0
   38.200   -8.600 0
   38.200   -8.600 0
   38.200   -8.600 0
   38.200   -8.600 0
   38.200   -8.600 0
   38.200   -8.600 9
   38.200   -8.600 3
   38.200   -8.600 75
   38.200   -8.600 8
