   37.400   -7.800 0
   37.400   -7.800 0
   37.400   -7.800 0
   37.400   -7.800 0
   37.400   -7.800 0
   37.400   -7.800 0
   37.400   -7.800 0
   37.400   -7.800 3
   37.400   -7.800 0
   37.400   -7.800 0
   37.400   -7.800 0
   37.400   -7.800 35
   37.400   -7.800 0
   37.400   -7.800 0
   37.400   -7.800 20
   37.400   -7.800 30
   37.400   -7.800 10
   37.400   -7.800 2
   37.400   -7.800 0
   37.400   -7.800 0
   37.400   -7.800 0
   37.400   -7.800 0
   37.400   -7.800 1
   37.400   -7.800 0
   37.400   -7.800 8
   37.400   -7.800 2
   37.400   -7.800 0
   37.400   -7.800 0
   37.400   -7.800 0
