   41.800   -8.800 18
   41.800   -8.800 13
   41.800   -8.800 0
   41.800   -8.800 32
   41.800   -8.800 5
   41.800   -8.800 14
   41.800   -8.800 24
   41.800   -8.800 0
   41.800   -8.800 11
   41.800   -8.800 0
   41.800   -8.800 0
   41.800   -8.800 30
   41.800   -8.800 4
   41.800   -8.800 6
   41.800   -8.800 0
   41.800   -8.800 0
   41.800   -8.800 0
   41.800   -8.800 0
   41.800   -8.800 6
   41.800   -8.800 0
   41.800   -8.800 0
   41.800   -8.800 0
   41.800   -8.800 0
   41.800   -8.800 0
   41.800   -8.800 0
   41.800   -8.800 27
   41.800   -8.800 11
   41.800   -8.800 0
   41.800   -8.800 1
   41.800   -8.800 6
