   41.800   -8.800 58
   41.800   -8.800 9
   41.800   -8.800 0
   41.800   -8.800 0
   41.800   -8.800 0
   41.800   -8.800 0
   41.800   -8.800 0
   41.800   -8.800 0
   41.800   -8.800 12
   41.800   -8.800 5
   41.800   -8.800 0
   41.800   -8.800 21
   41.800   -8.800 14
   41.800   -8.800 23
   41.800   -8.800 26
   41.800   -8.800 35
   41.800   -8.800 18
   41.800   -8.800 12
   41.800   -8.800 31
   41.800   -8.800 15
   41.800   -8.800 8
   41.800   -8.800 2
   41.800   -8.800 0
   41.800   -8.800 0
   41.800   -8.800 0
   41.800   -8.800 0
   41.800   -8.800 0
   41.800   -8.800 0
   41.800   -8.800 0
   41.800   -8.800 0
