   41.600   -8.200 21
   41.600   -8.200 22
   41.600   -8.200 30
   41.600   -8.200 40
   41.600   -8.200 97
   41.600   -8.200 35
   41.600   -8.200 15
   41.600   -8.200 47
   41.600   -8.200 66
   41.600   -8.200 0
   41.600   -8.200 0
   41.600   -8.200 0
   41.600   -8.200 0
   41.600   -8.200 0
   41.600   -8.200 0
   41.600   -8.200 0
   41.600   -8.200 9
   41.600   -8.200 13
   41.600   -8.200 24
   41.600   -8.200 9
   41.600   -8.200 28
   41.600   -8.200 1
   41.600   -8.200 0
   41.600   -8.200 0
   41.600   -8.200 2
   41.600   -8.200 5
   41.600   -8.200 0
   41.600   -8.200 0
   41.600   -8.200 0
