   41.600   -8.200 13
   41.600   -8.200 41
   41.600   -8.200 48
   41.600   -8.200 29
   41.600   -8.200 13
   41.600   -8.200 0
   41.600   -8.200 15
   41.600   -8.200 51
   41.600   -8.200 62
   41.600   -8.200 41
   41.600   -8.200 32
   41.600   -8.200 30
   41.600   -8.200 16
   41.600   -8.200 7
   41.600   -8.200 12
   41.600   -8.200 19
   41.600   -8.200 18
   41.600   -8.200 43
   41.600   -8.200 85
   41.600   -8.200 20
   41.600   -8.200 23
   41.600   -8.200 13
   41.600   -8.200 4
   41.600   -8.200 10
   41.600   -8.200 7
   41.600   -8.200 13
   41.600   -8.200 2
   41.600   -8.200 0
   41.600   -8.200 0
