   37.400   -7.800 31
   37.400   -7.800 0
   37.400   -7.800 0
   37.400   -7.800 0
   37.400   -7.800 6
   37.400   -7.800 0
   37.400   -7.800 4
   37.400   -7.800 35
   37.400   -7.800 1
   37.400   -7.800 0
   37.400   -7.800 4
   37.400   -7.800 0
   37.400   -7.800 5
   37.400   -7.800 22
   37.400   -7.800 11
   37.400   -7.800 17
   37.400   -7.800 2
   37.400   -7.800 0
   37.400   -7.800 5
   37.400   -7.800 0
   37.400   -7.800 0
   37.400   -7.800 0
   37.400   -7.800 0
   37.400   -7.800 0
   37.400   -7.800 0
   37.400   -7.800 0
   37.400   -7.800 0
   37.400   -7.800 0
   37.400   -7.800 0
   37.400   -7.800 1
   37.400   -7.800 38
