   41.800   -8.000 2
   41.800   -8.000 2
   41.800   -8.000 0
   41.800   -8.000 0
   41.800   -8.000 0
   41.800   -8.000 0
   41.800   -8.000 0
   41.800   -8.000 0
   41.800   -8.000 0
   41.800   -8.000 0
   41.800   -8.000 0
   41.800   -8.000 0
   41.800   -8.000 0
   41.800   -8.000 0
   41.800   -8.000 14
   41.800   -8.000 6
   41.800   -8.000 53
   41.800   -8.000 14
   41.800   -8.000 23
   41.800   -8.000 47
   41.800   -8.000 6
   41.800   -8.000 4
   41.800   -8.000 14
   41.800   -8.000 5
   41.800   -8.000 5
   41.800   -8.000 0
   41.800   -8.000 0
   41.800   -8.000 17
   41.800   -8.000 0
   41.800   -8.000 0
