   40.600   -7.800 2
   40.600   -7.800 0
   40.600   -7.800 0
   40.600   -7.800 1
   40.600   -7.800 0
   40.600   -7.800 1
   40.600   -7.800 0
   40.600   -7.800 0
   40.600   -7.800 0
   40.600   -7.800 20
   40.600   -7.800 9
   40.600   -7.800 0
   40.600   -7.800 0
   40.600   -7.800 7
   40.600   -7.800 3
   40.600   -7.800 14
   40.600   -7.800 32
   40.600   -7.800 8
   40.600   -7.800 16
   40.600   -7.800 20
   40.600   -7.800 23
   40.600   -7.800 17
   40.600   -7.800 6
   40.600   -7.800 6
   40.600   -7.800 1
   40.600   -7.800 7
   40.600   -7.800 0
   40.600   -7.800 0
   40.600   -7.800 0
   40.600   -7.800 0
