   40.200   -7.800 0
   40.200   -7.800 0
   40.200   -7.800 0
   40.200   -7.800 0
   40.200   -7.800 0
   40.200   -7.800 0
   40.200   -7.800 4
   40.200   -7.800 5
   40.200   -7.800 11
   40.200   -7.800 20
   40.200   -7.800 23
   40.200   -7.800 9
   40.200   -7.800 8
   40.200   -7.800 10
   40.200   -7.800 19
   40.200   -7.800 12
   40.200   -7.800 5
   40.200   -7.800 24
   40.200   -7.800 40
   40.200   -7.800 58
   40.200   -7.800 16
   40.200   -7.800 19
   40.200   -7.800 1
   40.200   -7.800 24
   40.200   -7.800 14
   40.200   -7.800 38
   40.200   -7.800 31
   40.200   -7.800 50
   40.200   -7.800 20
