   40.600   -7.800 0
   40.600   -7.800 0
   40.600   -7.800 0
   40.600   -7.800 0
   40.600   -7.800 4
   40.600   -7.800 0
   40.600   -7.800 0
   40.600   -7.800 0
   40.600   -7.800 0
   40.600   -7.800 1
   40.600   -7.800 0
   40.600   -7.800 0
   40.600   -7.800 0
   40.600   -7.800 0
   40.600   -7.800 0
   40.600   -7.800 0
   40.600   -7.800 0
   40.600   -7.800 1
   40.600   -7.800 0
   40.600   -7.800 7
   40.600   -7.800 0
   40.600   -7.800 0
   40.600   -7.800 31
   40.600   -7.800 36
   40.600   -7.800 5
   40.600   -7.800 41
   40.600   -7.800 6
   40.600   -7.800 7
   40.600   -7.800 3
   40.600   -7.800 0
