   38.800   -8.600 0
   38.800   -8.600 0
   38.800   -8.600 6
   38.800   -8.600 0
   38.800   -8.600 4
   38.800   -8.600 1
   38.800   -8.600 14
   38.800   -8.600 11
   38.800   -8.600 18
   38.800   -8.600 15
   38.800   -8.600 24
   38.800   -8.600 1
   38.800   -8.600 0
   38.800   -8.600 41
   38.800   -8.600 4
   38.800   -8.600 2
   38.800   -8.600 0
   38.800   -8.600 0
   38.800   -8.600 0
   38.800   -8.600 0
   38.800   -8.600 0
   38.800   -8.600 0
   38.800   -8.600 0
   38.800   -8.600 0
   38.800   -8.600 0
   38.800   -8.600 0
   38.800   -8.600 0
   38.800   -8.600 16
   38.800   -8.600 9
   38.800   -8.600 37
   38.800   -8.600 5
