   41.800   -8.800 1
   41.800   -8.800 7
   41.800   -8.800 0
   41.800   -8.800 0
   41.800   -8.800 0
   41.800   -8.800 0
   41.800   -8.800 7
   41.800   -8.800 25
   41.800   -8.800 6
   41.800   -8.800 11
   41.800   -8.800 37
   41.800   -8.800 14
   41.800   -8.800 28
   41.800   -8.800 12
   41.800   -8.800 6
   41.800   -8.800 10
   41.800   -8.800 40
   41.800   -8.800 15
   41.800   -8.800 14
   41.800   -8.800 5
   41.800   -8.800 12
   41.800   -8.800 1
   41.800   -8.800 12
   41.800   -8.800 9
   41.800   -8.800 5
   41.800   -8.800 0
   41.800   -8.800 0
   41.800   -8.800 15
   41.800   -8.800 7
   41.800   -8.800 14
   41.800   -8.800 1
