   41.800   -8.800 22
   41.800   -8.800 22
   41.800   -8.800 2
   41.800   -8.800 0
   41.800   -8.800 8
   41.800   -8.800 1
   41.800   -8.800 0
   41.800   -8.800 0
   41.800   -8.800 0
   41.800   -8.800 0
   41.800   -8.800 21
   41.800   -8.800 31
   41.800   -8.800 23
   41.800   -8.800 5
   41.800   -8.800 9
   41.800   -8.800 21
   41.800   -8.800 11
   41.800   -8.800 27
   41.800   -8.800 2
   41.800   -8.800 1
   41.800   -8.800 0
   41.800   -8.800 6
   41.800   -8.800 21
   41.800   -8.800 4
   41.800   -8.800 2
   41.800   -8.800 1
   41.800   -8.800 0
   41.800   -8.800 0
   41.800   -8.800 0
   41.800   -8.800 0
   41.800   -8.800 0
