   39.600   -8.800 9
   39.600   -8.800 0
   39.600   -8.800 0
   39.600   -8.800 0
   39.600   -8.800 6
   39.600   -8.800 4
   39.600   -8.800 6
   39.600   -8.800 6
   39.600   -8.800 9
   39.600   -8.800 0
   39.600   -8.800 21
   39.600   -8.800 9
   39.600   -8.800 0
   39.600   -8.800 0
   39.600   -8.800 9
   39.600   -8.800 12
   39.600   -8.800 0
   39.600   -8.800 2
   39.600   -8.800 0
   39.600   -8.800 1
   39.600   -8.800 0
   39.600   -8.800 0
   39.600   -8.800 0
   39.600   -8.800 0
   39.600   -8.800 0
   39.600   -8.800 2
   39.600   -8.800 44
   39.600   -8.800 20
   39.600   -8.800 0
