   39.600   -8.800 1
   39.600   -8.800 2
   39.600   -8.800 23
   39.600   -8.800 34
   39.600   -8.800 24
   39.600   -8.800 17
   39.600   -8.800 22
   39.600   -8.800 10
   39.600   -8.800 0
   39.600   -8.800 9
   39.600   -8.800 1
   39.600   -8.800 0
   39.600   -8.800 0
   39.600   -8.800 11
   39.600   -8.800 6
   39.600   -8.800 0
   39.600   -8.800 0
   39.600   -8.800 0
   39.600   -8.800 0
   39.600   -8.800 12
   39.600   -8.800 2
   39.600   -8.800 0
   39.600   -8.800 0
   39.600   -8.800 0
   39.600   -8.800 0
   39.600   -8.800 0
   39.600   -8.800 0
   39.600   -8.800 0
   39.600   -8.800 0
   39.600   -8.800 0
   39.600   -8.800 0
