   39.600   -8.800 11
   39.600   -8.800 2
   39.600   -8.800 2
   39.600   -8.800 9
   39.600   -8.800 42
   39.600   -8.800 4
   39.600   -8.800 1
   39.600   -8.800 0
   39.600   -8.800 0
   39.600   -8.800 1
   39.600   -8.800 2
   39.600   -8.800 19
   39.600   -8.800 19
   39.600   -8.800 0
   39.600   -8.800 0
   39.600   -8.800 0
   39.600   -8.800 0
   39.600   -8.800 1
   39.600   -8.800 0
   39.600   -8.800 0
   39.600   -8.800 0
   39.600   -8.800 0
   39.600   -8.800 0
   39.600   -8.800 1
   39.600   -8.800 18
   39.600   -8.800 7
   39.600   -8.800 9
   39.600   -8.800 7
   39.600   -8.800 1
