   41.800   -8.800 0
   41.800   -8.800 2
   41.800   -8.800 0
   41.800   -8.800 23
   41.800   -8.800 48
   41.800   -8.800 29
   41.800   -8.800 11
   41.800   -8.800 1
   41.800   -8.800 0
   41.800   -8.800 6
   41.800   -8.800 57
   41.800   -8.800 0
   41.800   -8.800 7
   41.800   -8.800 0
   41.800   -8.800 0
   41.800   -8.800 0
   41.800   -8.800 0
   41.800   -8.800 0
   41.800   -8.800 0
   41.800   -8.800 0
   41.800   -8.800 3
   41.800   -8.800 8
   41.800   -8.800 20
   41.800   -8.800 13
   41.800   -8.800 25
   41.800   -8.800 6
   41.800   -8.800 0
   41.800   -8.800 0
   41.800   -8.800 0
   41.800   -8.800 0
