   41.800   -8.800 0
   41.800   -8.800 0
   41.800   -8.800 0
   41.800   -8.800 0
   41.800   -8.800 0
   41.800   -8.800 0
   41.800   -8.800 0
   41.800   -8.800 0
   41.800   -8.800 0
   41.800   -8.800 0
   41.800   -8.800 0
   41.800   -8.800 0
   41.800   -8.800 0
   41.800   -8.800 0
   41.800   -8.800 0
   41.800   -8.800 3
   41.800   -8.800 13
   41.800   -8.800 27
   41.800   -8.800 6
   41.800   -8.800 21
   41.800   -8.800 0
   41.800   -8.800 0
   41.800   -8.800 55
   41.800   -8.800 18
   41.800   -8.800 22
   41.800   -8.800 18
   41.800   -8.800 0
   41.800   -8.800 6
   41.800   -8.800 0
   41.800   -8.800 21
