   38.200   -8.600 0
   38.200   -8.600 0
   38.200   -8.600 0
   38.200   -8.600 0
   38.200   -8.600 0
   38.200   -8.600 0
   38.200   -8.600 0
   38.200   -8.600 0
   38.200   -8.600 2
   38.200   -8.600 7
   38.200   -8.600 17
   38.200   -8.600 10
   38.200   -8.600 1
   38.200   -8.600 1
   38.200   -8.600 35
   38.200   -8.600 1
   38.200   -8.600 6
   38.200   -8.600 16
   38.200   -8.600 27
   38.200   -8.600 19
   38.200   -8.600 24
   38.200   -8.600 1
   38.200   -8.600 0
   38.200   -8.600 0
   38.200   -8.600 1
   38.200   -8.600 10
   38.200   -8.600 4
   38.200   -8.600 0
   38.200   -8.600 0
