   37.400   -7.800 0
   37.400   -7.800 0
   37.400   -7.800 0
   37.400   -7.800 7
   37.400   -7.800 2
   37.400   -7.800 6
   37.400   -7.800 0
   37.400   -7.800 4
   37.400   -7.800 5
   37.400   -7.800 0
   37.400   -7.800 0
   37.400   -7.800 0
   37.400   -7.800 0
   37.400   -7.800 0
   37.400   -7.800 0
   37.400   -7.800 0
   37.400   -7.800 0
   37.400   -7.800 22
   37.400   -7.800 6
   37.400   -7.800 2
   37.400   -7.800 0
   37.400   -7.800 0
   37.400   -7.800 0
   37.400   -7.800 0
   37.400   -7.800 3
   37.400   -7.800 15
   37.400   -7.800 1
   37.400   -7.800 6
   37.400   -7.800 0
   37.400   -7.800 0
   37.400   -7.800 0
