   37.400   -7.800 0
   37.400   -7.800 0
   37.400   -7.800 0
   37.400   -7.800 0
   37.400   -7.800 0
   37.400   -7.800 0
   37.400   -7.800 0
   37.400   -7.800 0
   37.400   -7.800 0
   37.400   -7.800 1
   37.400   -7.800 3
   37.400   -7.800 0
   37.400   -7.800 0
   37.400   -7.800 1
   37.400   -7.800 9
   37.400   -7.800 0
   37.400   -7.800 0
   37.400   -7.800 0
   37.400   -7.800 0
   37.400   -7.800 0
   37.400   -7.800 5
   37.400   -7.800 2
   37.400   -7.800 2
   37.400   -7.800 0
   37.400   -7.800 0
   37.400   -7.800 0
   37.400   -7.800 6
   37.400   -7.800 1
   37.400   -7.800 3
   37.400   -7.800 57
   37.400   -7.800 5
   37.400   -7.800 0
   37.400   -7.800 20
   37.400   -7.800 3
   37.400   -7.800 0
   37.400   -7.800 0
   37.400   -7.800 0
   37.400   -7.800 15
   37.400   -7.800 2
   37.400   -7.800 0
   37.400   -7.800 0
   37.400   -7.800 0
   37.400   -7.800 0
   37.400   -7.800 0
   37.400   -7.800 0
   37.400   -7.800 0
   37.400   -7.800 0
   37.400   -7.800 0
   37.400   -7.800 0
   37.400   -7.800 0
   37.400   -7.800 0
   37.400   -7.800 0
   37.400   -7.800 0
   37.400   -7.800 0
   37.400   -7.800 0
   37.400   -7.800 0
   37.400   -7.800 0
   37.400   -7.800 0
   37.400   -7.800 0
   37.400   -7.800 4
   37.400   -7.800 1
   37.400   -7.800 33
   37.400   -7.800 4
   37.400   -7.800 1
   37.400   -7.800 9
   37.400   -7.800 0
   37.400   -7.800 4
   37.400   -7.800 36
   37.400   -7.800 4
   37.400   -7.800 2
   37.400   -7.800 0
   37.400   -7.800 0
   37.400   -7.800 0
   37.400   -7.800 0
   37.400   -7.800 0
   37.400   -7.800 19
   37.400   -7.800 1
   37.400   -7.800 0
   37.400   -7.800 2
   37.400   -7.800 1
   37.400   -7.800 0
   37.400   -7.800 0
   37.400   -7.800 0
   37.400   -7.800 2
   37.400   -7.800 4
   37.400   -7.800 0
   37.400   -7.800 0
   37.400   -7.800 0
   37.400   -7.800 0
   37.400   -7.800 0
   37.400   -7.800 0
   37.400   -7.800 0
   37.400   -7.800 0
   37.400   -7.800 4
   37.400   -7.800 4
   37.400   -7.800 1
   37.400   -7.800 0
   37.400   -7.800 0
   37.400   -7.800 0
   37.400   -7.800 0
   37.400   -7.800 0
   37.400   -7.800 0
   37.400   -7.800 0
   37.400   -7.800 10
   37.400   -7.800 6
   37.400   -7.800 2
   37.400   -7.800 1
   37.400   -7.800 0
   37.400   -7.800 0
   37.400   -7.800 0
   37.400   -7.800 0
   37.400   -7.800 0
   37.400   -7.800 0
   37.400   -7.800 0
   37.400   -7.800 0
   37.400   -7.800 0
   37.400   -7.800 1
   37.400   -7.800 0
   37.400   -7.800 0
   37.400   -7.800 0
   37.400   -7.800 0
   37.400   -7.800 0
   37.400   -7.800 0
   37.400   -7.800 0
   37.400   -7.800 0
   37.400   -7.800 7
   37.400   -7.800 2
   37.400   -7.800 6
   37.400   -7.800 0
   37.400   -7.800 4
   37.400   -7.800 5
   37.400   -7.800 0
   37.400   -7.800 0
   37.400   -7.800 0
   37.400   -7.800 0
   37.400   -7.800 0
   37.400   -7.800 0
   37.400   -7.800 0
   37.400   -7.800 0
   37.400   -7.800 22
   37.400   -7.800 6
   37.400   -7.800 2
   37.400   -7.800 0
   37.400   -7.800 0
   37.400   -7.800 0
   37.400   -7.800 0
   37.400   -7.800 3
   37.400   -7.800 15
   37.400   -7.800 1
   37.400   -7.800 6
   37.400   -7.800 0
   37.400   -7.800 0
   37.400   -7.800 0
   37.400   -7.800 0
   37.400   -7.800 0
   37.400   -7.800 0
   37.400   -7.800 0
   37.400   -7.800 0
   37.400   -7.800 0
   37.400   -7.800 0
   37.400   -7.800 0
   37.400   -7.800 0
   37.400   -7.800 0
   37.400   -7.800 0
   37.400   -7.800 0
   37.400   -7.800 0
   37.400   -7.800 0
   37.400   -7.800 0
   37.400   -7.800 0
   37.400   -7.800 0
   37.400   -7.800 0
   37.400   -7.800 0
   37.400   -7.800 0
   37.400   -7.800 0
   37.400   -7.800 0
   37.400   -7.800 0
   37.400   -7.800 0
   37.400   -7.800 0
   37.400   -7.800 0
   37.400   -7.800 0
   37.400   -7.800 0
   37.400   -7.800 0
   37.400   -7.800 0
   37.400   -7.800 0
   37.400   -7.800 0
   37.400   -7.800 0
   37.400   -7.800 0
   37.400   -7.800 0
   37.400   -7.800 0
   37.400   -7.800 0
   37.400   -7.800 0
   37.400   -7.800 0
   37.400   -7.800 0
   37.400   -7.800 0
   37.400   -7.800 0
   37.400   -7.800 0
   37.400   -7.800 0
   37.400   -7.800 0
   37.400   -7.800 0
   37.400   -7.800 0
   37.400   -7.800 0
   37.400   -7.800 0
   37.400   -7.800 0
   37.400   -7.800 0
   37.400   -7.800 0
   37.400   -7.800 0
   37.400   -7.800 0
   37.400   -7.800 0
   37.400   -7.800 0
   37.400   -7.800 0
   37.400   -7.800 0
   37.400   -7.800 0
   37.400   -7.800 0
   37.400   -7.800 0
   37.400   -7.800 0
   37.400   -7.800 0
   37.400   -7.800 0
   37.400   -7.800 0
   37.400   -7.800 0
   37.400   -7.800 0
   37.400   -7.800 0
   37.400   -7.800 0
   37.400   -7.800 0
   37.400   -7.800 0
   37.400   -7.800 0
   37.400   -7.800 0
   37.400   -7.800 0
   37.400   -7.800 0
   37.400   -7.800 0
   37.400   -7.800 0
   37.400   -7.800 0
   37.400   -7.800 0
   37.400   -7.800 0
   37.400   -7.800 0
   37.400   -7.800 0
   37.400   -7.800 0
   37.400   -7.800 0
   37.400   -7.800 0
   37.400   -7.800 0
   37.400   -7.800 0
   37.400   -7.800 0
   37.400   -7.800 0
   37.400   -7.800 0
   37.400   -7.800 0
   37.400   -7.800 0
   37.400   -7.800 0
   37.400   -7.800 0
   37.400   -7.800 0
   37.400   -7.800 0
   37.400   -7.800 0
   37.400   -7.800 0
   37.400   -7.800 0
   37.400   -7.800 0
   37.400   -7.800 0
   37.400   -7.800 0
   37.400   -7.800 0
   37.400   -7.800 0
   37.400   -7.800 1
   37.400   -7.800 0
   37.400   -7.800 0
   37.400   -7.800 0
   37.400   -7.800 1
   37.400   -7.800 11
   37.400   -7.800 3
   37.400   -7.800 1
   37.400   -7.800 0
   37.400   -7.800 0
   37.400   -7.800 0
   37.400   -7.800 0
   37.400   -7.800 18
   37.400   -7.800 3
   37.400   -7.800 4
   37.400   -7.800 0
   37.400   -7.800 0
   37.400   -7.800 0
   37.400   -7.800 0
   37.400   -7.800 15
   37.400   -7.800 2
   37.400   -7.800 21
   37.400   -7.800 0
   37.400   -7.800 0
   37.400   -7.800 0
   37.400   -7.800 6
   37.400   -7.800 0
   37.400   -7.800 1
   37.400   -7.800 0
   37.400   -7.800 0
   37.400   -7.800 6
   37.400   -7.800 3
   37.400   -7.800 2
   37.400   -7.800 0
   37.400   -7.800 0
   37.400   -7.800 0
   37.400   -7.800 0
   37.400   -7.800 0
   37.400   -7.800 0
   37.400   -7.800 0
   37.400   -7.800 1
   37.400   -7.800 7
   37.400   -7.800 0
   37.400   -7.800 1
   37.400   -7.800 0
   37.400   -7.800 0
   37.400   -7.800 0
   37.400   -7.800 0
   37.400   -7.800 0
   37.400   -7.800 0
   37.400   -7.800 0
   37.400   -7.800 8
   37.400   -7.800 0
   37.400   -7.800 6
   37.400   -7.800 8
   37.400   -7.800 0
   37.400   -7.800 0
   37.400   -7.800 0
   37.400   -7.800 0
   37.400   -7.800 0
   37.400   -7.800 0
   37.400   -7.800 1
   37.400   -7.800 0
   37.400   -7.800 22
   37.400   -7.800 2
   37.400   -7.800 4
   37.400   -7.800 37
   37.400   -7.800 3
   37.400   -7.800 0
   37.400   -7.800 0
   37.400   -7.800 0
   37.400   -7.800 0
   37.400   -7.800 0
   37.400   -7.800 25
   37.400   -7.800 12
   37.400   -7.800 1
   37.400   -7.800 3
   37.400   -7.800 17
   37.400   -7.800 1
   37.400   -7.800 1
   37.400   -7.800 0
   37.400   -7.800 0
   37.400   -7.800 0
   37.400   -7.800 7
   37.400   -7.800 2
   37.400   -7.800 1
   37.400   -7.800 13
   37.400   -7.800 2
   37.400   -7.800 0
   37.400   -7.800 0
   37.400   -7.800 0
   37.400   -7.800 4
   37.400   -7.800 2
   37.400   -7.800 3
   37.400   -7.800 0
   37.400   -7.800 0
   37.400   -7.800 0
   37.400   -7.800 1
   37.400   -7.800 1
   37.400   -7.800 0
   37.400   -7.800 5
   37.400   -7.800 0
   37.400   -7.800 0
   37.400   -7.800 3
   37.400   -7.800 1
   37.400   -7.800 0
   37.400   -7.800 0
   37.400   -7.800 0
