   41.800   -8.800 20
   41.800   -8.800 27
   41.800   -8.800 6
   41.800   -8.800 12
   41.800   -8.800 43
   41.800   -8.800 82
   41.800   -8.800 17
   41.800   -8.800 21
   41.800   -8.800 42
   41.800   -8.800 32
   41.800   -8.800 20
   41.800   -8.800 13
   41.800   -8.800 17
   41.800   -8.800 41
   41.800   -8.800 7
   41.800   -8.800 1
   41.800   -8.800 1
   41.800   -8.800 2
   41.800   -8.800 0
   41.800   -8.800 7
   41.800   -8.800 31
   41.800   -8.800 58
   41.800   -8.800 1
   41.800   -8.800 6
   41.800   -8.800 28
   41.800   -8.800 38
   41.800   -8.800 65
   41.800   -8.800 15
   41.800   -8.800 48
