   39.800   -7.800 0
   39.800   -7.800 0
   39.800   -7.800 6
   39.800   -7.800 73
   39.800   -7.800 21
   39.800   -7.800 36
   39.800   -7.800 16
   39.800   -7.800 33
   39.800   -7.800 6
   39.800   -7.800 9
   39.800   -7.800 12
   39.800   -7.800 1
   39.800   -7.800 0
   39.800   -7.800 0
   39.800   -7.800 0
   39.800   -7.800 1
   39.800   -7.800 37
   39.800   -7.800 14
   39.800   -7.800 2
   39.800   -7.800 1
   39.800   -7.800 0
   39.800   -7.800 1
   39.800   -7.800 0
   39.800   -7.800 0
   39.800   -7.800 0
   39.800   -7.800 0
   39.800   -7.800 0
   39.800   -7.800 0
   39.800   -7.800 0
   39.800   -7.800 0
