   39.800   -7.800 0
   39.800   -7.800 0
   39.800   -7.800 0
   39.800   -7.800 0
   39.800   -7.800 0
   39.800   -7.800 10
   39.800   -7.800 16
   39.800   -7.800 11
   39.800   -7.800 43
   39.800   -7.800 40
   39.800   -7.800 21
   39.800   -7.800 23
   39.800   -7.800 3
   39.800   -7.800 19
   39.800   -7.800 18
   39.800   -7.800 8
   39.800   -7.800 7
   39.800   -7.800 1
   39.800   -7.800 0
   39.800   -7.800 0
   39.800   -7.800 0
   39.800   -7.800 0
   39.800   -7.800 0
   39.800   -7.800 0
   39.800   -7.800 0
   39.800   -7.800 0
   39.800   -7.800 0
   39.800   -7.800 0
   39.800   -7.800 0
   39.800   -7.800 0
   39.800   -7.800 0
