   41.800   -8.800 13
   41.800   -8.800 1
   41.800   -8.800 14
   41.800   -8.800 15
   41.800   -8.800 34
   41.800   -8.800 9
   41.800   -8.800 23
   41.800   -8.800 47
   41.800   -8.800 13
   41.800   -8.800 22
   41.800   -8.800 13
   41.800   -8.800 3
   41.800   -8.800 36
   41.800   -8.800 1
   41.800   -8.800 0
   41.800   -8.800 0
   41.800   -8.800 1
   41.800   -8.800 18
   41.800   -8.800 23
   41.800   -8.800 20
   41.800   -8.800 14
   41.800   -8.800 9
   41.800   -8.800 1
   41.800   -8.800 4
   41.800   -8.800 17
   41.800   -8.800 18
   41.800   -8.800 12
   41.800   -8.800 3
   41.800   -8.800 0
   41.800   -8.800 0
   41.800   -8.800 9
