   41.800   -8.800 0
   41.800   -8.800 0
   41.800   -8.800 21
   41.800   -8.800 2
   41.800   -8.800 0
   41.800   -8.800 0
   41.800   -8.800 0
   41.800   -8.800 0
   41.800   -8.800 0
   41.800   -8.800 10
   41.800   -8.800 5
   41.800   -8.800 4
   41.800   -8.800 7
   41.800   -8.800 0
   41.800   -8.800 7
   41.800   -8.800 46
   41.800   -8.800 80
   41.800   -8.800 13
   41.800   -8.800 18
   41.800   -8.800 38
   41.800   -8.800 10
   41.800   -8.800 19
   41.800   -8.800 23
   41.800   -8.800 6
   41.800   -8.800 0
   41.800   -8.800 0
   41.800   -8.800 1
   41.800   -8.800 0
   41.800   -8.800 0
   41.800   -8.800 3
