   38.800   -7.200 0
   38.800   -7.200 0
   38.800   -7.200 0
   38.800   -7.200 0
   38.800   -7.200 0
   38.800   -7.200 0
   38.800   -7.200 0
   38.800   -7.200 0
   38.800   -7.200 0
   38.800   -7.200 0
   38.800   -7.200 0
   38.800   -7.200 0
   38.800   -7.200 0
   38.800   -7.200 0
   38.800   -7.200 0
   38.800   -7.200 0
   38.800   -7.200 0
   38.800   -7.200 0
   38.800   -7.200 0
   38.800   -7.200 2
   38.800   -7.200 8
   38.800   -7.200 17
   38.800   -7.200 10
   38.800   -7.200 20
   38.800   -7.200 9
   38.800   -7.200 16
   38.800   -7.200 20
   38.800   -7.200 7
   38.800   -7.200 6
   38.800   -7.200 1
   38.800   -7.200 0
