   40.600   -7.800 0
   40.600   -7.800 0
   40.600   -7.800 0
   40.600   -7.800 0
   40.600   -7.800 0
   40.600   -7.800 0
   40.600   -7.800 0
   40.600   -7.800 0
   40.600   -7.800 0
   40.600   -7.800 14
   40.600   -7.800 26
   40.600   -7.800 109
   40.600   -7.800 60
   40.600   -7.800 28
   40.600   -7.800 22
   40.600   -7.800 6
   40.600   -7.800 13
   40.600   -7.800 9
   40.600   -7.800 35
   40.600   -7.800 4
   40.600   -7.800 4
   40.600   -7.800 7
   40.600   -7.800 0
   40.600   -7.800 0
   40.600   -7.800 0
   40.600   -7.800 0
   40.600   -7.800 0
   40.600   -7.800 2
   40.600   -7.800 1
