   40.600   -7.800 0
   40.600   -7.800 10
   40.600   -7.800 0
   40.600   -7.800 0
   40.600   -7.800 2
   40.600   -7.800 0
   40.600   -7.800 0
   40.600   -7.800 0
   40.600   -7.800 56
   40.600   -7.800 39
   40.600   -7.800 19
   40.600   -7.800 22
   40.600   -7.800 0
   40.600   -7.800 0
   40.600   -7.800 10
   40.600   -7.800 0
   40.600   -7.800 0
   40.600   -7.800 0
   40.600   -7.800 0
   40.600   -7.800 0
   40.600   -7.800 0
   40.600   -7.800 0
   40.600   -7.800 3
   40.600   -7.800 0
   40.600   -7.800 14
   40.600   -7.800 5
   40.600   -7.800 0
   40.600   -7.800 0
   40.600   -7.800 2
   40.600   -7.800 5
   40.600   -7.800 10
