   41.800   -8.800 10
   41.800   -8.800 9
   41.800   -8.800 28
   41.800   -8.800 11
   41.800   -8.800 15
   41.800   -8.800 9
   41.800   -8.800 8
   41.800   -8.800 9
   41.800   -8.800 22
   41.800   -8.800 16
   41.800   -8.800 23
   41.800   -8.800 12
   41.800   -8.800 10
   41.800   -8.800 21
   41.800   -8.800 15
   41.800   -8.800 0
   41.800   -8.800 0
   41.800   -8.800 0
   41.800   -8.800 0
   41.800   -8.800 0
   41.800   -8.800 0
   41.800   -8.800 0
   41.800   -8.800 0
   41.800   -8.800 0
   41.800   -8.800 0
   41.800   -8.800 0
   41.800   -8.800 0
   41.800   -8.800 0
   41.800   -8.800 3
   41.800   -8.800 4
   41.800   -8.800 7
