   41.800   -8.800 12
   41.800   -8.800 3
   41.800   -8.800 24
   41.800   -8.800 45
   41.800   -8.800 2
   41.800   -8.800 2
   41.800   -8.800 0
   41.800   -8.800 0
   41.800   -8.800 4
   41.800   -8.800 0
   41.800   -8.800 0
   41.800   -8.800 2
   41.800   -8.800 0
   41.800   -8.800 0
   41.800   -8.800 0
   41.800   -8.800 0
   41.800   -8.800 0
   41.800   -8.800 8
   41.800   -8.800 0
   41.800   -8.800 0
   41.800   -8.800 0
   41.800   -8.800 0
   41.800   -8.800 0
   41.800   -8.800 0
   41.800   -8.800 0
   41.800   -8.800 20
   41.800   -8.800 23
   41.800   -8.800 48
   41.800   -8.800 6
   41.800   -8.800 1
