   40.600   -8.600 12
   40.600   -8.600 1
   40.600   -8.600 3
   40.600   -8.600 4
   40.600   -8.600 3
   40.600   -8.600 1
   40.600   -8.600 0
   40.600   -8.600 0
   40.600   -8.600 1
   40.600   -8.600 16
   40.600   -8.600 14
   40.600   -8.600 0
   40.600   -8.600 1
   40.600   -8.600 2
   40.600   -8.600 10
   40.600   -8.600 20
   40.600   -8.600 41
   40.600   -8.600 8
   40.600   -8.600 29
   40.600   -8.600 16
   40.600   -8.600 13
   40.600   -8.600 24
   40.600   -8.600 9
   40.600   -8.600 13
   40.600   -8.600 0
   40.600   -8.600 2
   40.600   -8.600 0
   40.600   -8.600 0
   40.600   -8.600 0
   40.600   -8.600 0
