   40.600   -7.200 7
   40.600   -7.200 22
   40.600   -7.200 9
   40.600   -7.200 0
   40.600   -7.200 0
   40.600   -7.200 25
   40.600   -7.200 0
   40.600   -7.200 0
   40.600   -7.200 0
   40.600   -7.200 0
   40.600   -7.200 0
   40.600   -7.200 6
   40.600   -7.200 13
   40.600   -7.200 1
   40.600   -7.200 12
   40.600   -7.200 5
   40.600   -7.200 4
   40.600   -7.200 0
   40.600   -7.200 0
   40.600   -7.200 0
   40.600   -7.200 0
   40.600   -7.200 6
   40.600   -7.200 2
   40.600   -7.200 31
   40.600   -7.200 2
   40.600   -7.200 0
   40.600   -7.200 0
   40.600   -7.200 0
   40.600   -7.200 0
   40.600   -7.200 0
