   38.800   -8.600 0
   38.800   -8.600 0
   38.800   -8.600 0
   38.800   -8.600 0
   38.800   -8.600 0
   38.800   -8.600 0
   38.800   -8.600 0
   38.800   -8.600 0
   38.800   -8.600 0
   38.800   -8.600 0
   38.800   -8.600 0
   38.800   -8.600 0
   38.800   -8.600 0
   38.800   -8.600 0
   38.800   -8.600 0
   38.800   -8.600 0
   38.800   -8.600 0
   38.800   -8.600 0
   38.800   -8.600 0
   38.800   -8.600 0
   38.800   -8.600 0
   38.800   -8.600 0
   38.800   -8.600 7
   38.800   -8.600 11
   38.800   -8.600 0
   38.800   -8.600 0
   38.800   -8.600 0
   38.800   -8.600 11
   38.800   -8.600 8
   38.800   -8.600 3
