   40.600   -7.200 12
   40.600   -7.200 3
   40.600   -7.200 26
   40.600   -7.200 1
   40.600   -7.200 0
   40.600   -7.200 0
   40.600   -7.200 0
   40.600   -7.200 0
   40.600   -7.200 0
   40.600   -7.200 2
   40.600   -7.200 0
   40.600   -7.200 0
   40.600   -7.200 0
   40.600   -7.200 0
   40.600   -7.200 0
   40.600   -7.200 0
   40.600   -7.200 0
   40.600   -7.200 0
   40.600   -7.200 0
   40.600   -7.200 1
   40.600   -7.200 1
   40.600   -7.200 1
   40.600   -7.200 0
   40.600   -7.200 5
   40.600   -7.200 23
   40.600   -7.200 1
   40.600   -7.200 24
   40.600   -7.200 17
   40.600   -7.200 0
   40.600   -7.200 0
   40.600   -7.200 0
