   40.600   -7.200 2
   40.600   -7.200 16
   40.600   -7.200 18
   40.600   -7.200 17
   40.600   -7.200 1
   40.600   -7.200 0
   40.600   -7.200 0
   40.600   -7.200 0
   40.600   -7.200 1
   40.600   -7.200 5
   40.600   -7.200 25
   40.600   -7.200 22
   40.600   -7.200 18
   40.600   -7.200 17
   40.600   -7.200 20
   40.600   -7.200 18
   40.600   -7.200 40
   40.600   -7.200 17
   40.600   -7.200 3
   40.600   -7.200 1
   40.600   -7.200 0
   40.600   -7.200 0
   40.600   -7.200 4
   40.600   -7.200 0
   40.600   -7.200 0
   40.600   -7.200 0
   40.600   -7.200 0
   40.600   -7.200 0
   40.600   -7.200 0
