   41.400   -8.200 0
   41.400   -8.200 24
   41.400   -8.200 4
   41.400   -8.200 23
   41.400   -8.200 56
   41.400   -8.200 64
   41.400   -8.200 20
   41.400   -8.200 25
   41.400   -8.200 20
   41.400   -8.200 20
   41.400   -8.200 3
   41.400   -8.200 11
   41.400   -8.200 10
   41.400   -8.200 9
   41.400   -8.200 20
   41.400   -8.200 3
   41.400   -8.200 0
   41.400   -8.200 0
   41.400   -8.200 0
   41.400   -8.200 0
   41.400   -8.200 2
   41.400   -8.200 7
   41.400   -8.200 9
   41.400   -8.200 18
   41.400   -8.200 13
   41.400   -8.200 36
   41.400   -8.200 19
   41.400   -8.200 26
   41.400   -8.200 12
   41.400   -8.200 12
   41.400   -8.200 25
