   41.400   -8.200 13
   41.400   -8.200 15
   41.400   -8.200 16
   41.400   -8.200 7
   41.400   -8.200 21
   41.400   -8.200 8
   41.400   -8.200 0
   41.400   -8.200 0
   41.400   -8.200 8
   41.400   -8.200 22
   41.400   -8.200 24
   41.400   -8.200 30
   41.400   -8.200 13
   41.400   -8.200 22
   41.400   -8.200 23
   41.400   -8.200 1
   41.400   -8.200 0
   41.400   -8.200 0
   41.400   -8.200 0
   41.400   -8.200 0
   41.400   -8.200 0
   41.400   -8.200 0
   41.400   -8.200 0
   41.400   -8.200 0
   41.400   -8.200 0
   41.400   -8.200 0
   41.400   -8.200 0
   41.400   -8.200 6
   41.400   -8.200 6
