   40.600   -7.200 0
   40.600   -7.200 2
   40.600   -7.200 11
   40.600   -7.200 1
   40.600   -7.200 26
   40.600   -7.200 4
   40.600   -7.200 0
   40.600   -7.200 6
   40.600   -7.200 24
   40.600   -7.200 6
   40.600   -7.200 2
   40.600   -7.200 0
   40.600   -7.200 0
   40.600   -7.200 3
   40.600   -7.200 1
   40.600   -7.200 0
   40.600   -7.200 0
   40.600   -7.200 0
   40.600   -7.200 0
   40.600   -7.200 0
   40.600   -7.200 0
   40.600   -7.200 0
   40.600   -7.200 0
   40.600   -7.200 0
   40.600   -7.200 0
   40.600   -7.200 0
   40.600   -7.200 0
   40.600   -7.200 0
   40.600   -7.200 0
   40.600   -7.200 0
   40.600   -7.200 0
