   38.200   -8.600 0
   38.200   -8.600 0
   38.200   -8.600 0
   38.200   -8.600 0
   38.200   -8.600 0
   38.200   -8.600 0
   38.200   -8.600 0
   38.200   -8.600 1
   38.200   -8.600 47
   38.200   -8.600 17
   38.200   -8.600 1
   38.200   -8.600 1
   38.200   -8.600 52
   38.200   -8.600 9
   38.200   -8.600 26
   38.200   -8.600 1
   38.200   -8.600 0
   38.200   -8.600 0
   38.200   -8.600 0
   38.200   -8.600 0
   38.200   -8.600 0
   38.200   -8.600 0
   38.200   -8.600 9
   38.200   -8.600 0
   38.200   -8.600 4
   38.200   -8.600 3
   38.200   -8.600 15
   38.200   -8.600 20
   38.200   -8.600 0
   38.200   -8.600 0
