   39.800   -7.800 0
   39.800   -7.800 4
   39.800   -7.800 5
   39.800   -7.800 23
   39.800   -7.800 26
   39.800   -7.800 1
   39.800   -7.800 16
   39.800   -7.800 6
   39.800   -7.800 3
   39.800   -7.800 0
   39.800   -7.800 0
   39.800   -7.800 1
   39.800   -7.800 10
   39.800   -7.800 19
   39.800   -7.800 15
   39.800   -7.800 34
   39.800   -7.800 6
   39.800   -7.800 3
   39.800   -7.800 1
   39.800   -7.800 1
   39.800   -7.800 3
   39.800   -7.800 0
   39.800   -7.800 0
   39.800   -7.800 0
   39.800   -7.800 0
   39.800   -7.800 0
   39.800   -7.800 0
   39.800   -7.800 0
   39.800   -7.800 0
