   40.200   -7.800 0
   40.200   -7.800 0
   40.200   -7.800 0
   40.200   -7.800 10
   40.200   -7.800 45
   40.200   -7.800 23
   40.200   -7.800 7
   40.200   -7.800 4
   40.200   -7.800 0
   40.200   -7.800 0
   40.200   -7.800 5
   40.200   -7.800 4
   40.200   -7.800 5
   40.200   -7.800 0
   40.200   -7.800 0
   40.200   -7.800 0
   40.200   -7.800 0
   40.200   -7.800 0
   40.200   -7.800 1
   40.200   -7.800 0
   40.200   -7.800 1
   40.200   -7.800 5
   40.200   -7.800 2
   40.200   -7.800 3
   40.200   -7.800 3
   40.200   -7.800 7
   40.200   -7.800 3
   40.200   -7.800 0
   40.200   -7.800 0
   40.200   -7.800 0
