   40.200   -7.800 0
   40.200   -7.800 0
   40.200   -7.800 0
   40.200   -7.800 0
   40.200   -7.800 0
   40.200   -7.800 0
   40.200   -7.800 0
   40.200   -7.800 0
   40.200   -7.800 0
   40.200   -7.800 0
   40.200   -7.800 0
   40.200   -7.800 0
   40.200   -7.800 0
   40.200   -7.800 0
   40.200   -7.800 0
   40.200   -7.800 0
   40.200   -7.800 14
   40.200   -7.800 12
   40.200   -7.800 13
   40.200   -7.800 4
   40.200   -7.800 3
   40.200   -7.800 0
   40.200   -7.800 11
   40.200   -7.800 5
   40.200   -7.800 15
   40.200   -7.800 3
   40.200   -7.800 15
   40.200   -7.800 1
   40.200   -7.800 1
   40.200   -7.800 0
