   38.800   -7.200 23
   38.800   -7.200 1
   38.800   -7.200 7
   38.800   -7.200 11
   38.800   -7.200 24
   38.800   -7.200 5
   38.800   -7.200 5
   38.800   -7.200 18
   38.800   -7.200 6
   38.800   -7.200 4
   38.800   -7.200 10
   38.800   -7.200 0
   38.800   -7.200 6
   38.800   -7.200 6
   38.800   -7.200 8
   38.800   -7.200 7
   38.800   -7.200 10
   38.800   -7.200 0
   38.800   -7.200 2
   38.800   -7.200 3
   38.800   -7.200 0
   38.800   -7.200 0
   38.800   -7.200 0
   38.800   -7.200 0
   38.800   -7.200 0
   38.800   -7.200 0
   38.800   -7.200 0
   38.800   -7.200 0
   38.800   -7.200 0
   38.800   -7.200 0
   38.800   -7.200 0
