   41.800   -8.800 0
   41.800   -8.800 0
   41.800   -8.800 0
   41.800   -8.800 3
   41.800   -8.800 0
   41.800   -8.800 5
   41.800   -8.800 6
   41.800   -8.800 17
   41.800   -8.800 12
   41.800   -8.800 3
   41.800   -8.800 31
   41.800   -8.800 41
   41.800   -8.800 7
   41.800   -8.800 15
   41.800   -8.800 9
   41.800   -8.800 12
   41.800   -8.800 6
   41.800   -8.800 30
   41.800   -8.800 18
   41.800   -8.800 32
   41.800   -8.800 22
   41.800   -8.800 23
   41.800   -8.800 2
   41.800   -8.800 15
   41.800   -8.800 23
   41.800   -8.800 32
   41.800   -8.800 17
   41.800   -8.800 41
   41.800   -8.800 36
