   37.400   -7.800 1
   37.400   -7.800 78
   37.400   -7.800 35
   37.400   -7.800 35
   37.400   -7.800 45
   37.400   -7.800 19
   37.400   -7.800 11
   37.400   -7.800 0
   37.400   -7.800 0
   37.400   -7.800 6
   37.400   -7.800 1
   37.400   -7.800 6
   37.400   -7.800 18
   37.400   -7.800 3
   37.400   -7.800 39
   37.400   -7.800 27
   37.400   -7.800 7
   37.400   -7.800 0
   37.400   -7.800 0
   37.400   -7.800 7
   37.400   -7.800 0
   37.400   -7.800 0
   37.400   -7.800 15
   37.400   -7.800 31
   37.400   -7.800 5
   37.400   -7.800 21
   37.400   -7.800 49
   37.400   -7.800 0
   37.400   -7.800 0
