   39.800   -7.800 1
   39.800   -7.800 1
   39.800   -7.800 9
   39.800   -7.800 12
   39.800   -7.800 11
   39.800   -7.800 9
   39.800   -7.800 66
   39.800   -7.800 20
   39.800   -7.800 24
   39.800   -7.800 14
   39.800   -7.800 47
   39.800   -7.800 7
   39.800   -7.800 9
   39.800   -7.800 64
   39.800   -7.800 19
   39.800   -7.800 1
   39.800   -7.800 0
   39.800   -7.800 0
   39.800   -7.800 0
   39.800   -7.800 0
   39.800   -7.800 0
   39.800   -7.800 0
   39.800   -7.800 0
   39.800   -7.800 0
   39.800   -7.800 0
   39.800   -7.800 0
   39.800   -7.800 0
   39.800   -7.800 7
   39.800   -7.800 22
   39.800   -7.800 47
   39.800   -7.800 43
