   38.600   -7.400 0
   38.600   -7.400 0
   38.600   -7.400 0
   38.600   -7.400 0
   38.600   -7.400 0
   38.600   -7.400 0
   38.600   -7.400 16
   38.600   -7.400 19
   38.600   -7.400 7
   38.600   -7.400 2
   38.600   -7.400 12
   38.600   -7.400 9
   38.600   -7.400 8
   38.600   -7.400 6
   38.600   -7.400 1
   38.600   -7.400 3
   38.600   -7.400 1
   38.600   -7.400 1
   38.600   -7.400 1
   38.600   -7.400 0
   38.600   -7.400 0
   38.600   -7.400 0
   38.600   -7.400 0
   38.600   -7.400 6
   38.600   -7.400 16
   38.600   -7.400 7
   38.600   -7.400 2
   38.600   -7.400 0
   38.600   -7.400 0
   38.600   -7.400 0
   38.600   -7.400 0
