   41.800   -8.800 0
   41.800   -8.800 0
   41.800   -8.800 0
   41.800   -8.800 0
   41.800   -8.800 0
   41.800   -8.800 31
   41.800   -8.800 10
   41.800   -8.800 7
   41.800   -8.800 27
   41.800   -8.800 4
   41.800   -8.800 22
   41.800   -8.800 24
   41.800   -8.800 14
   41.800   -8.800 0
   41.800   -8.800 0
   41.800   -8.800 0
   41.800   -8.800 0
   41.800   -8.800 0
   41.800   -8.800 2
   41.800   -8.800 1
   41.800   -8.800 5
   41.800   -8.800 20
   41.800   -8.800 0
   41.800   -8.800 0
   41.800   -8.800 0
   41.800   -8.800 16
   41.800   -8.800 0
   41.800   -8.800 9
   41.800   -8.800 15
