   41.800   -8.800 13
   41.800   -8.800 12
   41.800   -8.800 19
   41.800   -8.800 19
   41.800   -8.800 38
   41.800   -8.800 54
   41.800   -8.800 24
   41.800   -8.800 29
   41.800   -8.800 33
   41.800   -8.800 28
   41.800   -8.800 18
   41.800   -8.800 28
   41.800   -8.800 23
   41.800   -8.800 31
   41.800   -8.800 0
   41.800   -8.800 0
   41.800   -8.800 0
   41.800   -8.800 5
   41.800   -8.800 0
   41.800   -8.800 0
   41.800   -8.800 7
   41.800   -8.800 0
   41.800   -8.800 0
   41.800   -8.800 0
   41.800   -8.800 0
   41.800   -8.800 0
   41.800   -8.800 13
   41.800   -8.800 7
   41.800   -8.800 0
