   41.800   -8.800 0
   41.800   -8.800 0
   41.800   -8.800 5
   41.800   -8.800 11
   41.800   -8.800 3
   41.800   -8.800 2
   41.800   -8.800 0
   41.800   -8.800 0
   41.800   -8.800 0
   41.800   -8.800 0
   41.800   -8.800 0
   41.800   -8.800 5
   41.800   -8.800 4
   41.800   -8.800 9
   41.800   -8.800 8
   41.800   -8.800 13
   41.800   -8.800 11
   41.800   -8.800 13
   41.800   -8.800 8
   41.800   -8.800 9
   41.800   -8.800 13
   41.800   -8.800 24
   41.800   -8.800 66
   41.800   -8.800 19
   41.800   -8.800 4
   41.800   -8.800 8
   41.800   -8.800 2
   41.800   -8.800 0
   41.800   -8.800 0
   41.800   -8.800 0
   41.800   -8.800 2
