   40.200   -7.800 0
   40.200   -7.800 0
   40.200   -7.800 0
   40.200   -7.800 0
   40.200   -7.800 0
   40.200   -7.800 0
   40.200   -7.800 0
   40.200   -7.800 1
   40.200   -7.800 5
   40.200   -7.800 2
   40.200   -7.800 24
   40.200   -7.800 21
   40.200   -7.800 18
   40.200   -7.800 22
   40.200   -7.800 9
   40.200   -7.800 12
   40.200   -7.800 18
   40.200   -7.800 19
   40.200   -7.800 25
   40.200   -7.800 9
   40.200   -7.800 15
   40.200   -7.800 2
   40.200   -7.800 0
   40.200   -7.800 0
   40.200   -7.800 0
   40.200   -7.800 0
   40.200   -7.800 0
   40.200   -7.800 0
   40.200   -7.800 0
   40.200   -7.800 0
   40.200   -7.800 0
