   40.200   -7.800 0
   40.200   -7.800 0
   40.200   -7.800 16
   40.200   -7.800 5
   40.200   -7.800 2
   40.200   -7.800 0
   40.200   -7.800 0
   40.200   -7.800 28
   40.200   -7.800 8
   40.200   -7.800 19
   40.200   -7.800 5
   40.200   -7.800 32
   40.200   -7.800 18
   40.200   -7.800 15
   40.200   -7.800 17
   40.200   -7.800 2
   40.200   -7.800 0
   40.200   -7.800 0
   40.200   -7.800 0
   40.200   -7.800 0
   40.200   -7.800 0
   40.200   -7.800 0
   40.200   -7.800 0
   40.200   -7.800 0
   40.200   -7.800 0
   40.200   -7.800 7
   40.200   -7.800 2
   40.200   -7.800 0
   40.200   -7.800 0
   40.200   -7.800 0
   40.200   -7.800 0
