   41.800   -8.000 0
   41.800   -8.000 0
   41.800   -8.000 1
   41.800   -8.000 0
   41.800   -8.000 0
   41.800   -8.000 0
   41.800   -8.000 0
   41.800   -8.000 0
   41.800   -8.000 0
   41.800   -8.000 25
   41.800   -8.000 0
   41.800   -8.000 0
   41.800   -8.000 12
   41.800   -8.000 0
   41.800   -8.000 0
   41.800   -8.000 7
   41.800   -8.000 0
   41.800   -8.000 0
   41.800   -8.000 0
   41.800   -8.000 0
   41.800   -8.000 0
   41.800   -8.000 3
   41.800   -8.000 1
   41.800   -8.000 0
   41.800   -8.000 10
   41.800   -8.000 19
   41.800   -8.000 10
   41.800   -8.000 0
   41.800   -8.000 1
   41.800   -8.000 3
   41.800   -8.000 4
