   38.800   -9.200 11
   38.800   -9.200 9
   38.800   -9.200 0
   38.800   -9.200 0
   38.800   -9.200 0
   38.800   -9.200 0
   38.800   -9.200 0
   38.800   -9.200 0
   38.800   -9.200 0
   38.800   -9.200 0
   38.800   -9.200 0
   38.800   -9.200 11
   38.800   -9.200 0
   38.800   -9.200 0
   38.800   -9.200 0
   38.800   -9.200 0
   38.800   -9.200 0
   38.800   -9.200 3
   38.800   -9.200 0
   38.800   -9.200 0
   38.800   -9.200 12
   38.800   -9.200 37
   38.800   -9.200 3
   38.800   -9.200 0
   38.800   -9.200 5
   38.800   -9.200 0
   38.800   -9.200 0
   38.800   -9.200 0
   38.800   -9.200 0
   38.800   -9.200 0
   38.800   -9.200 0
