   41.600   -8.200 0
   41.600   -8.200 0
   41.600   -8.200 0
   41.600   -8.200 0
   41.600   -8.200 0
   41.600   -8.200 0
   41.600   -8.200 0
   41.600   -8.200 0
   41.600   -8.200 0
   41.600   -8.200 17
   41.600   -8.200 8
   41.600   -8.200 25
   41.600   -8.200 10
   41.600   -8.200 42
   41.600   -8.200 18
   41.600   -8.200 70
   41.600   -8.200 5
   41.600   -8.200 10
   41.600   -8.200 30
   41.600   -8.200 24
   41.600   -8.200 20
   41.600   -8.200 0
   41.600   -8.200 0
   41.600   -8.200 0
   41.600   -8.200 0
   41.600   -8.200 0
   41.600   -8.200 0
   41.600   -8.200 0
   41.600   -8.200 0
   41.600   -8.200 0
   41.600   -8.200 3
