   39.600   -8.800 0
   39.600   -8.800 2
   39.600   -8.800 9
   39.600   -8.800 0
   39.600   -8.800 3
   39.600   -8.800 15
   39.600   -8.800 42
   39.600   -8.800 12
   39.600   -8.800 14
   39.600   -8.800 7
   39.600   -8.800 10
   39.600   -8.800 18
   39.600   -8.800 4
   39.600   -8.800 0
   39.600   -8.800 0
   39.600   -8.800 0
   39.600   -8.800 0
   39.600   -8.800 0
   39.600   -8.800 0
   39.600   -8.800 0
   39.600   -8.800 0
   39.600   -8.800 0
   39.600   -8.800 0
   39.600   -8.800 0
   39.600   -8.800 4
   39.600   -8.800 0
   39.600   -8.800 0
   39.600   -8.800 0
   39.600   -8.800 0
   39.600   -8.800 0
   39.600   -8.800 0
