   41.800   -8.000 0
   41.800   -8.000 0
   41.800   -8.000 0
   41.800   -8.000 14
   41.800   -8.000 0
   41.800   -8.000 0
   41.800   -8.000 0
   41.800   -8.000 0
   41.800   -8.000 0
   41.800   -8.000 23
   41.800   -8.000 10
   41.800   -8.000 0
   41.800   -8.000 0
   41.800   -8.000 0
   41.800   -8.000 0
   41.800   -8.000 0
   41.800   -8.000 1
   41.800   -8.000 3
   41.800   -8.000 15
   41.800   -8.000 11
   41.800   -8.000 13
   41.800   -8.000 51
   41.800   -8.000 0
   41.800   -8.000 0
   41.800   -8.000 3
   41.800   -8.000 1
   41.800   -8.000 0
   41.800   -8.000 0
   41.800   -8.000 0
   41.800   -8.000 0
