   41.800   -8.000 9
   41.800   -8.000 10
   41.800   -8.000 14
   41.800   -8.000 14
   41.800   -8.000 25
   41.800   -8.000 32
   41.800   -8.000 18
   41.800   -8.000 10
   41.800   -8.000 13
   41.800   -8.000 9
   41.800   -8.000 0
   41.800   -8.000 0
   41.800   -8.000 0
   41.800   -8.000 0
   41.800   -8.000 0
   41.800   -8.000 0
   41.800   -8.000 6
   41.800   -8.000 7
   41.800   -8.000 14
   41.800   -8.000 12
   41.800   -8.000 3
   41.800   -8.000 0
   41.800   -8.000 0
   41.800   -8.000 0
   41.800   -8.000 0
   41.800   -8.000 6
   41.800   -8.000 0
   41.800   -8.000 0
   41.800   -8.000 0
