   38.600   -7.400 0
   38.600   -7.400 0
   38.600   -7.400 0
   38.600   -7.400 0
   38.600   -7.400 0
   38.600   -7.400 0
   38.600   -7.400 0
   38.600   -7.400 0
   38.600   -7.400 0
   38.600   -7.400 0
   38.600   -7.400 0
   38.600   -7.400 0
   38.600   -7.400 0
   38.600   -7.400 0
   38.600   -7.400 0
   38.600   -7.400 0
   38.600   -7.400 0
   38.600   -7.400 0
   38.600   -7.400 0
   38.600   -7.400 0
   38.600   -7.400 0
   38.600   -7.400 0
   38.600   -7.400 0
   38.600   -7.400 0
   38.600   -7.400 0
   38.600   -7.400 0
   38.600   -7.400 0
   38.600   -7.400 8
   38.600   -7.400 7
   38.600   -7.400 1
   38.600   -7.400 2
