   40.200   -7.800 0
   40.200   -7.800 0
   40.200   -7.800 0
   40.200   -7.800 0
   40.200   -7.800 0
   40.200   -7.800 0
   40.200   -7.800 0
   40.200   -7.800 8
   40.200   -7.800 0
   40.200   -7.800 0
   40.200   -7.800 0
   40.200   -7.800 0
   40.200   -7.800 0
   40.200   -7.800 0
   40.200   -7.800 25
   40.200   -7.800 15
   40.200   -7.800 0
   40.200   -7.800 2
   40.200   -7.800 3
   40.200   -7.800 1
   40.200   -7.800 0
   40.200   -7.800 0
   40.200   -7.800 0
   40.200   -7.800 0
   40.200   -7.800 1
   40.200   -7.800 5
   40.200   -7.800 19
   40.200   -7.800 4
   40.200   -7.800 13
   40.200   -7.800 0
   40.200   -7.800 0
