   39.800   -7.800 9
   39.800   -7.800 22
   39.800   -7.800 52
   39.800   -7.800 46
   39.800   -7.800 10
   39.800   -7.800 2
   39.800   -7.800 39
   39.800   -7.800 18
   39.800   -7.800 27
   39.800   -7.800 16
   39.800   -7.800 29
   39.800   -7.800 9
   39.800   -7.800 14
   39.800   -7.800 16
   39.800   -7.800 2
   39.800   -7.800 8
   39.800   -7.800 51
   39.800   -7.800 4
   39.800   -7.800 2
   39.800   -7.800 0
   39.800   -7.800 3
   39.800   -7.800 9
   39.800   -7.800 1
   39.800   -7.800 19
   39.800   -7.800 6
   39.800   -7.800 1
   39.800   -7.800 5
   39.800   -7.800 2
   39.800   -7.800 7
   39.800   -7.800 0
   39.800   -7.800 6
