   41.800   -8.800 2
   41.800   -8.800 10
   41.800   -8.800 9
   41.800   -8.800 1
   41.800   -8.800 34
   41.800   -8.800 0
   41.800   -8.800 0
   41.800   -8.800 2
   41.800   -8.800 0
   41.800   -8.800 15
   41.800   -8.800 5
   41.800   -8.800 2
   41.800   -8.800 0
   41.800   -8.800 2
   41.800   -8.800 3
   41.800   -8.800 0
   41.800   -8.800 0
   41.800   -8.800 0
   41.800   -8.800 0
   41.800   -8.800 0
   41.800   -8.800 1
   41.800   -8.800 4
   41.800   -8.800 29
   41.800   -8.800 73
   41.800   -8.800 10
   41.800   -8.800 17
   41.800   -8.800 14
   41.800   -8.800 13
   41.800   -8.800 5
   41.800   -8.800 1
