   41.400   -8.200 23
   41.400   -8.200 31
   41.400   -8.200 15
   41.400   -8.200 9
   41.400   -8.200 24
   41.400   -8.200 28
   41.400   -8.200 39
   41.400   -8.200 39
   41.400   -8.200 42
   41.400   -8.200 23
   41.400   -8.200 33
   41.400   -8.200 3
   41.400   -8.200 0
   41.400   -8.200 4
   41.400   -8.200 25
   41.400   -8.200 36
   41.400   -8.200 19
   41.400   -8.200 16
   41.400   -8.200 8
   41.400   -8.200 3
   41.400   -8.200 11
   41.400   -8.200 28
   41.400   -8.200 26
   41.400   -8.200 2
   41.400   -8.200 11
   41.400   -8.200 22
   41.400   -8.200 5
   41.400   -8.200 0
   41.400   -8.200 2
   41.400   -8.200 4
