   41.400   -8.200 3
   41.400   -8.200 0
   41.400   -8.200 0
   41.400   -8.200 0
   41.400   -8.200 4
   41.400   -8.200 8
   41.400   -8.200 1
   41.400   -8.200 5
   41.400   -8.200 18
   41.400   -8.200 30
   41.400   -8.200 0
   41.400   -8.200 0
   41.400   -8.200 0
   41.400   -8.200 16
   41.400   -8.200 39
   41.400   -8.200 34
   41.400   -8.200 27
   41.400   -8.200 33
   41.400   -8.200 7
   41.400   -8.200 34
   41.400   -8.200 1
   41.400   -8.200 2
   41.400   -8.200 5
   41.400   -8.200 3
   41.400   -8.200 5
   41.400   -8.200 13
   41.400   -8.200 23
   41.400   -8.200 6
   41.400   -8.200 2
