   40.600   -8.600 0
   40.600   -8.600 0
   40.600   -8.600 0
   40.600   -8.600 0
   40.600   -8.600 0
   40.600   -8.600 0
   40.600   -8.600 0
   40.600   -8.600 37
   40.600   -8.600 31
   40.600   -8.600 14
   40.600   -8.600 23
   40.600   -8.600 5
   40.600   -8.600 1
   40.600   -8.600 8
   40.600   -8.600 10
   40.600   -8.600 0
   40.600   -8.600 0
   40.600   -8.600 0
   40.600   -8.600 0
   40.600   -8.600 0
   40.600   -8.600 0
   40.600   -8.600 1
   40.600   -8.600 1
   40.600   -8.600 9
   40.600   -8.600 18
   40.600   -8.600 0
   40.600   -8.600 0
   40.600   -8.600 5
   40.600   -8.600 7
   40.600   -8.600 8
   40.600   -8.600 7
