   41.800   -8.800 1
   41.800   -8.800 9
   41.800   -8.800 16
   41.800   -8.800 0
   41.800   -8.800 0
   41.800   -8.800 0
   41.800   -8.800 0
   41.800   -8.800 0
   41.800   -8.800 0
   41.800   -8.800 0
   41.800   -8.800 0
   41.800   -8.800 1
   41.800   -8.800 1
   41.800   -8.800 0
   41.800   -8.800 0
   41.800   -8.800 0
   41.800   -8.800 0
   41.800   -8.800 0
   41.800   -8.800 0
   41.800   -8.800 0
   41.800   -8.800 0
   41.800   -8.800 46
   41.800   -8.800 13
   41.800   -8.800 0
   41.800   -8.800 27
   41.800   -8.800 22
   41.800   -8.800 22
   41.800   -8.800 0
   41.800   -8.800 1
   41.800   -8.800 6
   41.800   -8.800 22
