   41.800   -8.800 4
   41.800   -8.800 2
   41.800   -8.800 0
   41.800   -8.800 0
   41.800   -8.800 0
   41.800   -8.800 5
   41.800   -8.800 13
   41.800   -8.800 21
   41.800   -8.800 15
   41.800   -8.800 8
   41.800   -8.800 45
   41.800   -8.800 11
   41.800   -8.800 37
   41.800   -8.800 14
   41.800   -8.800 21
   41.800   -8.800 16
   41.800   -8.800 14
   41.800   -8.800 0
   41.800   -8.800 0
   41.800   -8.800 4
   41.800   -8.800 0
   41.800   -8.800 1
   41.800   -8.800 5
   41.800   -8.800 7
   41.800   -8.800 14
   41.800   -8.800 1
   41.800   -8.800 0
   41.800   -8.800 0
   41.800   -8.800 0
