   41.800   -8.000 0
   41.800   -8.000 0
   41.800   -8.000 0
   41.800   -8.000 0
   41.800   -8.000 0
   41.800   -8.000 0
   41.800   -8.000 0
   41.800   -8.000 0
   41.800   -8.000 0
   41.800   -8.000 0
   41.800   -8.000 0
   41.800   -8.000 0
   41.800   -8.000 0
   41.800   -8.000 0
   41.800   -8.000 0
   41.800   -8.000 0
   41.800   -8.000 0
   41.800   -8.000 7
   41.800   -8.000 0
   41.800   -8.000 6
   41.800   -8.000 0
   41.800   -8.000 0
   41.800   -8.000 0
   41.800   -8.000 0
   41.800   -8.000 0
   41.800   -8.000 0
   41.800   -8.000 0
   41.800   -8.000 2
   41.800   -8.000 23
   41.800   -8.000 26
   41.800   -8.000 11
