   39.600   -8.800 0
   39.600   -8.800 0
   39.600   -8.800 0
   39.600   -8.800 0
   39.600   -8.800 0
   39.600   -8.800 0
   39.600   -8.800 0
   39.600   -8.800 2
   39.600   -8.800 1
   39.600   -8.800 12
   39.600   -8.800 4
   39.600   -8.800 17
   39.600   -8.800 47
   39.600   -8.800 22
   39.600   -8.800 2
   39.600   -8.800 0
   39.600   -8.800 0
   39.600   -8.800 6
   39.600   -8.800 23
   39.600   -8.800 19
   39.600   -8.800 13
   39.600   -8.800 2
   39.600   -8.800 9
   39.600   -8.800 11
   39.600   -8.800 3
   39.600   -8.800 15
   39.600   -8.800 5
   39.600   -8.800 9
   39.600   -8.800 0
   39.600   -8.800 0
