   40.600   -7.800 3
   40.600   -7.800 7
   40.600   -7.800 3
   40.600   -7.800 9
   40.600   -7.800 25
   40.600   -7.800 8
   40.600   -7.800 0
   40.600   -7.800 0
   40.600   -7.800 0
   40.600   -7.800 0
   40.600   -7.800 0
   40.600   -7.800 18
   40.600   -7.800 1
   40.600   -7.800 6
   40.600   -7.800 2
   40.600   -7.800 0
   40.600   -7.800 0
   40.600   -7.800 2
   40.600   -7.800 0
   40.600   -7.800 0
   40.600   -7.800 0
   40.600   -7.800 1
   40.600   -7.800 6
   40.600   -7.800 12
   40.600   -7.800 17
   40.600   -7.800 13
   40.600   -7.800 6
   40.600   -7.800 26
   40.600   -7.800 20
   40.600   -7.800 3
   40.600   -7.800 9
