   41.400   -8.200 14
   41.400   -8.200 0
   41.400   -8.200 12
   41.400   -8.200 6
   41.400   -8.200 9
   41.400   -8.200 2
   41.400   -8.200 1
   41.400   -8.200 0
   41.400   -8.200 2
   41.400   -8.200 15
   41.400   -8.200 10
   41.400   -8.200 0
   41.400   -8.200 0
   41.400   -8.200 3
   41.400   -8.200 13
   41.400   -8.200 7
   41.400   -8.200 60
   41.400   -8.200 5
   41.400   -8.200 26
   41.400   -8.200 17
   41.400   -8.200 13
   41.400   -8.200 31
   41.400   -8.200 12
   41.400   -8.200 11
   41.400   -8.200 0
   41.400   -8.200 6
   41.400   -8.200 0
   41.400   -8.200 0
   41.400   -8.200 2
   41.400   -8.200 0
