   41.400   -8.200 0
   41.400   -8.200 1
   41.400   -8.200 5
   41.400   -8.200 3
   41.400   -8.200 0
   41.400   -8.200 2
   41.400   -8.200 36
   41.400   -8.200 0
   41.400   -8.200 0
   41.400   -8.200 6
   41.400   -8.200 42
   41.400   -8.200 5
   41.400   -8.200 43
   41.400   -8.200 21
   41.400   -8.200 48
   41.400   -8.200 35
   41.400   -8.200 12
   41.400   -8.200 1
   41.400   -8.200 76
   41.400   -8.200 36
   41.400   -8.200 7
   41.400   -8.200 2
   41.400   -8.200 24
   41.400   -8.200 21
   41.400   -8.200 0
   41.400   -8.200 0
   41.400   -8.200 0
   41.400   -8.200 0
   41.400   -8.200 0
