   41.400   -8.200 2
   41.400   -8.200 0
   41.400   -8.200 0
   41.400   -8.200 0
   41.400   -8.200 0
   41.400   -8.200 0
   41.400   -8.200 0
   41.400   -8.200 4
   41.400   -8.200 6
   41.400   -8.200 0
   41.400   -8.200 0
   41.400   -8.200 0
   41.400   -8.200 0
   41.400   -8.200 0
   41.400   -8.200 0
   41.400   -8.200 0
   41.400   -8.200 0
   41.400   -8.200 0
   41.400   -8.200 0
   41.400   -8.200 13
   41.400   -8.200 0
   41.400   -8.200 16
   41.400   -8.200 37
   41.400   -8.200 38
   41.400   -8.200 45
   41.400   -8.200 12
   41.400   -8.200 36
   41.400   -8.200 29
   41.400   -8.200 7
