   41.400   -8.200 0
   41.400   -8.200 0
   41.400   -8.200 0
   41.400   -8.200 0
   41.400   -8.200 0
   41.400   -8.200 0
   41.400   -8.200 0
   41.400   -8.200 2
   41.400   -8.200 1
   41.400   -8.200 0
   41.400   -8.200 0
   41.400   -8.200 0
   41.400   -8.200 0
   41.400   -8.200 4
   41.400   -8.200 20
   41.400   -8.200 16
   41.400   -8.200 2
   41.400   -8.200 0
   41.400   -8.200 0
   41.400   -8.200 0
   41.400   -8.200 0
   41.400   -8.200 0
   41.400   -8.200 0
   41.400   -8.200 0
   41.400   -8.200 0
   41.400   -8.200 0
   41.400   -8.200 0
   41.400   -8.200 0
   41.400   -8.200 0
   41.400   -8.200 0
