   41.600   -8.200 15
   41.600   -8.200 7
   41.600   -8.200 1
   41.600   -8.200 0
   41.600   -8.200 0
   41.600   -8.200 14
   41.600   -8.200 38
   41.600   -8.200 43
   41.600   -8.200 11
   41.600   -8.200 3
   41.600   -8.200 0
   41.600   -8.200 0
   41.600   -8.200 0
   41.600   -8.200 0
   41.600   -8.200 3
   41.600   -8.200 19
   41.600   -8.200 7
   41.600   -8.200 21
   41.600   -8.200 1
   41.600   -8.200 0
   41.600   -8.200 1
   41.600   -8.200 0
   41.600   -8.200 0
   41.600   -8.200 0
   41.600   -8.200 0
   41.600   -8.200 0
   41.600   -8.200 0
   41.600   -8.200 0
   41.600   -8.200 16
   41.600   -8.200 14
   41.600   -8.200 0
