   41.400   -8.200 2
   41.400   -8.200 5
   41.400   -8.200 0
   41.400   -8.200 1
   41.400   -8.200 0
   41.400   -8.200 0
   41.400   -8.200 0
   41.400   -8.200 5
   41.400   -8.200 17
   41.400   -8.200 22
   41.400   -8.200 18
   41.400   -8.200 13
   41.400   -8.200 1
   41.400   -8.200 0
   41.400   -8.200 0
   41.400   -8.200 0
   41.400   -8.200 0
   41.400   -8.200 0
   41.400   -8.200 21
   41.400   -8.200 7
   41.400   -8.200 18
   41.400   -8.200 16
   41.400   -8.200 18
   41.400   -8.200 0
   41.400   -8.200 4
   41.400   -8.200 8
   41.400   -8.200 2
   41.400   -8.200 0
   41.400   -8.200 0
   41.400   -8.200 0
