   39.600   -8.800 0
   39.600   -8.800 0
   39.600   -8.800 0
   39.600   -8.800 0
   39.600   -8.800 0
   39.600   -8.800 2
   39.600   -8.800 2
   39.600   -8.800 11
   39.600   -8.800 7
   39.600   -8.800 1
   39.600   -8.800 38
   39.600   -8.800 27
   39.600   -8.800 4
   39.600   -8.800 1
   39.600   -8.800 4
   39.600   -8.800 3
   39.600   -8.800 7
   39.600   -8.800 0
   39.600   -8.800 0
   39.600   -8.800 1
   39.600   -8.800 0
   39.600   -8.800 0
   39.600   -8.800 0
   39.600   -8.800 2
   39.600   -8.800 8
   39.600   -8.800 0
   39.600   -8.800 0
   39.600   -8.800 0
   39.600   -8.800 0
