   38.200   -8.600 1
   38.200   -8.600 15
   38.200   -8.600 16
   38.200   -8.600 6
   38.200   -8.600 0
   38.200   -8.600 9
   38.200   -8.600 10
   38.200   -8.600 22
   38.200   -8.600 3
   38.200   -8.600 2
   38.200   -8.600 2
   38.200   -8.600 38
   38.200   -8.600 15
   38.200   -8.600 21
   38.200   -8.600 31
   38.200   -8.600 6
   38.200   -8.600 5
   38.200   -8.600 7
   38.200   -8.600 44
   38.200   -8.600 16
   38.200   -8.600 2
   38.200   -8.600 0
   38.200   -8.600 0
   38.200   -8.600 0
   38.200   -8.600 0
   38.200   -8.600 0
   38.200   -8.600 0
   38.200   -8.600 0
   38.200   -8.600 0
   38.200   -8.600 0
