   41.600   -8.200 4
   41.600   -8.200 8
   41.600   -8.200 0
   41.600   -8.200 0
   41.600   -8.200 2
   41.600   -8.200 19
   41.600   -8.200 14
   41.600   -8.200 45
   41.600   -8.200 65
   41.600   -8.200 29
   41.600   -8.200 0
   41.600   -8.200 0
   41.600   -8.200 15
   41.600   -8.200 30
   41.600   -8.200 6
   41.600   -8.200 14
   41.600   -8.200 15
   41.600   -8.200 17
   41.600   -8.200 6
   41.600   -8.200 0
   41.600   -8.200 0
   41.600   -8.200 0
   41.600   -8.200 0
   41.600   -8.200 1
   41.600   -8.200 11
   41.600   -8.200 16
   41.600   -8.200 6
   41.600   -8.200 6
   41.600   -8.200 9
   41.600   -8.200 0
   41.600   -8.200 0
