   40.200   -7.800 0
   40.200   -7.800 0
   40.200   -7.800 0
   40.200   -7.800 0
   40.200   -7.800 0
   40.200   -7.800 0
   40.200   -7.800 0
   40.200   -7.800 15
   40.200   -7.800 18
   40.200   -7.800 22
   40.200   -7.800 27
   40.200   -7.800 23
   40.200   -7.800 8
   40.200   -7.800 0
   40.200   -7.800 0
   40.200   -7.800 0
   40.200   -7.800 0
   40.200   -7.800 0
   40.200   -7.800 0
   40.200   -7.800 1
   40.200   -7.800 3
   40.200   -7.800 4
   40.200   -7.800 0
   40.200   -7.800 0
   40.200   -7.800 0
   40.200   -7.800 0
   40.200   -7.800 0
   40.200   -7.800 0
   40.200   -7.800 0
   40.200   -7.800 0
