   40.200   -7.800 0
   40.200   -7.800 0
   40.200   -7.800 0
   40.200   -7.800 0
   40.200   -7.800 0
   40.200   -7.800 0
   40.200   -7.800 1
   40.200   -7.800 12
   40.200   -7.800 13
   40.200   -7.800 11
   40.200   -7.800 9
   40.200   -7.800 12
   40.200   -7.800 45
   40.200   -7.800 26
   40.200   -7.800 5
   40.200   -7.800 8
   40.200   -7.800 10
   40.200   -7.800 5
   40.200   -7.800 3
   40.200   -7.800 2
   40.200   -7.800 3
   40.200   -7.800 0
   40.200   -7.800 1
   40.200   -7.800 0
   40.200   -7.800 0
   40.200   -7.800 0
   40.200   -7.800 0
   40.200   -7.800 0
   40.200   -7.800 0
   40.200   -7.800 0
