   39.800   -7.800 2
   39.800   -7.800 6
   39.800   -7.800 0
   39.800   -7.800 5
   39.800   -7.800 19
   39.800   -7.800 3
   39.800   -7.800 0
   39.800   -7.800 0
   39.800   -7.800 7
   39.800   -7.800 14
   39.800   -7.800 10
   39.800   -7.800 21
   39.800   -7.800 5
   39.800   -7.800 12
   39.800   -7.800 6
   39.800   -7.800 0
   39.800   -7.800 2
   39.800   -7.800 3
   39.800   -7.800 1
   39.800   -7.800 1
   39.800   -7.800 1
   39.800   -7.800 0
   39.800   -7.800 3
   39.800   -7.800 6
   39.800   -7.800 14
   39.800   -7.800 31
   39.800   -7.800 8
   39.800   -7.800 25
   39.800   -7.800 12
   39.800   -7.800 2
   39.800   -7.800 2
