   39.800   -7.800 11
   39.800   -7.800 9
   39.800   -7.800 20
   39.800   -7.800 24
   39.800   -7.800 21
   39.800   -7.800 2
   39.800   -7.800 1
   39.800   -7.800 2
   39.800   -7.800 3
   39.800   -7.800 0
   39.800   -7.800 2
   39.800   -7.800 3
   39.800   -7.800 0
   39.800   -7.800 0
   39.800   -7.800 1
   39.800   -7.800 0
   39.800   -7.800 0
   39.800   -7.800 0
   39.800   -7.800 0
   39.800   -7.800 0
   39.800   -7.800 2
   39.800   -7.800 0
   39.800   -7.800 0
   39.800   -7.800 0
   39.800   -7.800 0
   39.800   -7.800 0
   39.800   -7.800 0
   39.800   -7.800 0
   39.800   -7.800 0
   39.800   -7.800 0
   39.800   -7.800 0
