   41.600   -8.200 9
   41.600   -8.200 4
   41.600   -8.200 1
   41.600   -8.200 14
   41.600   -8.200 4
   41.600   -8.200 0
   41.600   -8.200 5
   41.600   -8.200 10
   41.600   -8.200 39
   41.600   -8.200 47
   41.600   -8.200 11
   41.600   -8.200 18
   41.600   -8.200 19
   41.600   -8.200 29
   41.600   -8.200 20
   41.600   -8.200 9
   41.600   -8.200 7
   41.600   -8.200 2
   41.600   -8.200 8
   41.600   -8.200 4
   41.600   -8.200 2
   41.600   -8.200 0
   41.600   -8.200 0
   41.600   -8.200 0
   41.600   -8.200 0
   41.600   -8.200 0
   41.600   -8.200 0
   41.600   -8.200 0
   41.600   -8.200 20
   41.600   -8.200 19
   41.600   -8.200 0
