   38.800   -7.200 19
   38.800   -7.200 0
   38.800   -7.200 0
   38.800   -7.200 0
   38.800   -7.200 0
   38.800   -7.200 0
   38.800   -7.200 0
   38.800   -7.200 22
   38.800   -7.200 2
   38.800   -7.200 0
   38.800   -7.200 9
   38.800   -7.200 0
   38.800   -7.200 2
   38.800   -7.200 18
   38.800   -7.200 3
   38.800   -7.200 12
   38.800   -7.200 0
   38.800   -7.200 0
   38.800   -7.200 5
   38.800   -7.200 0
   38.800   -7.200 0
   38.800   -7.200 0
   38.800   -7.200 0
   38.800   -7.200 0
   38.800   -7.200 0
   38.800   -7.200 0
   38.800   -7.200 0
   38.800   -7.200 0
   38.800   -7.200 0
   38.800   -7.200 0
   38.800   -7.200 16
