   41.400   -8.200 0
   41.400   -8.200 0
   41.400   -8.200 0
   41.400   -8.200 0
   41.400   -8.200 0
   41.400   -8.200 0
   41.400   -8.200 0
   41.400   -8.200 0
   41.400   -8.200 0
   41.400   -8.200 0
   41.400   -8.200 0
   41.400   -8.200 0
   41.400   -8.200 0
   41.400   -8.200 4
   41.400   -8.200 0
   41.400   -8.200 5
   41.400   -8.200 3
   41.400   -8.200 1
   41.400   -8.200 2
   41.400   -8.200 15
   41.400   -8.200 37
   41.400   -8.200 40
   41.400   -8.200 11
   41.400   -8.200 33
   41.400   -8.200 21
   41.400   -8.200 0
   41.400   -8.200 0
   41.400   -8.200 0
   41.400   -8.200 0
