   39.800   -7.800 0
   39.800   -7.800 0
   39.800   -7.800 1
   39.800   -7.800 0
   39.800   -7.800 0
   39.800   -7.800 0
   39.800   -7.800 0
   39.800   -7.800 0
   39.800   -7.800 0
   39.800   -7.800 0
   39.800   -7.800 0
   39.800   -7.800 0
   39.800   -7.800 0
   39.800   -7.800 0
   39.800   -7.800 13
   39.800   -7.800 15
   39.800   -7.800 6
   39.800   -7.800 11
   39.800   -7.800 3
   39.800   -7.800 22
   39.800   -7.800 14
   39.800   -7.800 21
   39.800   -7.800 7
   39.800   -7.800 11
   39.800   -7.800 7
   39.800   -7.800 7
   39.800   -7.800 10
   39.800   -7.800 29
   39.800   -7.800 11
   39.800   -7.800 4
