   41.800   -8.800 1
   41.800   -8.800 0
   41.800   -8.800 0
   41.800   -8.800 2
   41.800   -8.800 0
   41.800   -8.800 8
   41.800   -8.800 11
   41.800   -8.800 30
   41.800   -8.800 0
   41.800   -8.800 7
   41.800   -8.800 0
   41.800   -8.800 19
   41.800   -8.800 41
   41.800   -8.800 15
   41.800   -8.800 0
   41.800   -8.800 0
   41.800   -8.800 0
   41.800   -8.800 0
   41.800   -8.800 1
   41.800   -8.800 35
   41.800   -8.800 1
   41.800   -8.800 1
   41.800   -8.800 0
   41.800   -8.800 12
   41.800   -8.800 14
   41.800   -8.800 0
   41.800   -8.800 32
   41.800   -8.800 53
   41.800   -8.800 13
   41.800   -8.800 3
