   41.800   -8.800 0
   41.800   -8.800 1
   41.800   -8.800 9
   41.800   -8.800 0
   41.800   -8.800 0
   41.800   -8.800 1
   41.800   -8.800 0
   41.800   -8.800 0
   41.800   -8.800 0
   41.800   -8.800 2
   41.800   -8.800 0
   41.800   -8.800 0
   41.800   -8.800 0
   41.800   -8.800 0
   41.800   -8.800 0
   41.800   -8.800 0
   41.800   -8.800 3
   41.800   -8.800 28
   41.800   -8.800 8
   41.800   -8.800 0
   41.800   -8.800 10
   41.800   -8.800 1
   41.800   -8.800 5
   41.800   -8.800 20
   41.800   -8.800 4
   41.800   -8.800 15
   41.800   -8.800 9
   41.800   -8.800 49
   41.800   -8.800 0
