   41.600   -8.200 28
   41.600   -8.200 35
   41.600   -8.200 12
   41.600   -8.200 3
   41.600   -8.200 18
   41.600   -8.200 27
   41.600   -8.200 21
   41.600   -8.200 8
   41.600   -8.200 0
   41.600   -8.200 0
   41.600   -8.200 0
   41.600   -8.200 0
   41.600   -8.200 1
   41.600   -8.200 3
   41.600   -8.200 37
   41.600   -8.200 6
   41.600   -8.200 6
   41.600   -8.200 4
   41.600   -8.200 0
   41.600   -8.200 0
   41.600   -8.200 0
   41.600   -8.200 0
   41.600   -8.200 0
   41.600   -8.200 0
   41.600   -8.200 0
   41.600   -8.200 3
   41.600   -8.200 0
   41.600   -8.200 0
   41.600   -8.200 0
   41.600   -8.200 0
   41.600   -8.200 0
