   37.400   -7.800 47
   37.400   -7.800 19
   37.400   -7.800 1
   37.400   -7.800 6
   37.400   -7.800 26
   37.400   -7.800 51
   37.400   -7.800 33
   37.400   -7.800 1
   37.400   -7.800 9
   37.400   -7.800 10
   37.400   -7.800 20
   37.400   -7.800 6
   37.400   -7.800 13
   37.400   -7.800 13
   37.400   -7.800 0
   37.400   -7.800 0
   37.400   -7.800 1
   37.400   -7.800 0
   37.400   -7.800 0
   37.400   -7.800 0
   37.400   -7.800 0
   37.400   -7.800 0
   37.400   -7.800 0
   37.400   -7.800 0
   37.400   -7.800 0
   37.400   -7.800 0
   37.400   -7.800 0
   37.400   -7.800 0
   37.400   -7.800 3
