   38.200   -8.600 1
   38.200   -8.600 4
   38.200   -8.600 13
   38.200   -8.600 0
   38.200   -8.600 0
   38.200   -8.600 12
   38.200   -8.600 5
   38.200   -8.600 0
   38.200   -8.600 0
   38.200   -8.600 0
   38.200   -8.600 0
   38.200   -8.600 1
   38.200   -8.600 16
   38.200   -8.600 0
   38.200   -8.600 1
   38.200   -8.600 4
   38.200   -8.600 14
   38.200   -8.600 1
   38.200   -8.600 0
   38.200   -8.600 0
   38.200   -8.600 0
   38.200   -8.600 1
   38.200   -8.600 20
   38.200   -8.600 6
   38.200   -8.600 0
   38.200   -8.600 0
   38.200   -8.600 0
   38.200   -8.600 0
   38.200   -8.600 0
   38.200   -8.600 0
