   41.800   -8.800 16
   41.800   -8.800 13
   41.800   -8.800 19
   41.800   -8.800 1
   41.800   -8.800 11
   41.800   -8.800 5
   41.800   -8.800 1
   41.800   -8.800 1
   41.800   -8.800 2
   41.800   -8.800 19
   41.800   -8.800 13
   41.800   -8.800 17
   41.800   -8.800 5
   41.800   -8.800 33
   41.800   -8.800 25
   41.800   -8.800 5
   41.800   -8.800 0
   41.800   -8.800 6
   41.800   -8.800 6
   41.800   -8.800 0
   41.800   -8.800 0
   41.800   -8.800 0
   41.800   -8.800 0
   41.800   -8.800 0
   41.800   -8.800 0
   41.800   -8.800 0
   41.800   -8.800 0
   41.800   -8.800 7
   41.800   -8.800 7
