   39.800   -7.800 0
   39.800   -7.800 0
   39.800   -7.800 0
   39.800   -7.800 0
   39.800   -7.800 0
   39.800   -7.800 0
   39.800   -7.800 0
   39.800   -7.800 0
   39.800   -7.800 0
   39.800   -7.800 0
   39.800   -7.800 0
   39.800   -7.800 0
   39.800   -7.800 3
   39.800   -7.800 5
   39.800   -7.800 1
   39.800   -7.800 0
   39.800   -7.800 0
   39.800   -7.800 0
   39.800   -7.800 0
   39.800   -7.800 0
   39.800   -7.800 0
   39.800   -7.800 0
   39.800   -7.800 0
   39.800   -7.800 0
   39.800   -7.800 0
   39.800   -7.800 0
   39.800   -7.800 0
   39.800   -7.800 0
   39.800   -7.800 0
   39.800   -7.800 0
   39.800   -7.800 0
   39.800   -7.800 27
   39.800   -7.800 4
   39.800   -7.800 0
   39.800   -7.800 0
   39.800   -7.800 0
   39.800   -7.800 0
   39.800   -7.800 0
   39.800   -7.800 0
   39.800   -7.800 0
   39.800   -7.800 0
   39.800   -7.800 0
   39.800   -7.800 0
   39.800   -7.800 0
   39.800   -7.800 0
   39.800   -7.800 0
   39.800   -7.800 0
   39.800   -7.800 0
   39.800   -7.800 0
   39.800   -7.800 0
   39.800   -7.800 0
   39.800   -7.800 0
   39.800   -7.800 0
   39.800   -7.800 0
   39.800   -7.800 0
   39.800   -7.800 0
   39.800   -7.800 0
   39.800   -7.800 0
   39.800   -7.800 0
   39.800   -7.800 0
   39.800   -7.800 0
   39.800   -7.800 0
   39.800   -7.800 0
   39.800   -7.800 0
   39.800   -7.800 0
   39.800   -7.800 0
   39.800   -7.800 0
   39.800   -7.800 0
   39.800   -7.800 0
   39.800   -7.800 0
   39.800   -7.800 0
   39.800   -7.800 0
   39.800   -7.800 0
   39.800   -7.800 0
   39.800   -7.800 0
   39.800   -7.800 0
   39.800   -7.800 0
   39.800   -7.800 0
   39.800   -7.800 0
   39.800   -7.800 0
   39.800   -7.800 5
   39.800   -7.800 9
   39.800   -7.800 7
   39.800   -7.800 1
   39.800   -7.800 0
   39.800   -7.800 0
   39.800   -7.800 0
   39.800   -7.800 0
   39.800   -7.800 0
   39.800   -7.800 0
   39.800   -7.800 7
   39.800   -7.800 0
   39.800   -7.800 53
   39.800   -7.800 13
   39.800   -7.800 13
   39.800   -7.800 1
   39.800   -7.800 0
   39.800   -7.800 0
   39.800   -7.800 10
   39.800   -7.800 12
   39.800   -7.800 3
   39.800   -7.800 3
   39.800   -7.800 2
   39.800   -7.800 3
   39.800   -7.800 20
   39.800   -7.800 6
   39.800   -7.800 12
   39.800   -7.800 6
   39.800   -7.800 6
   39.800   -7.800 17
   39.800   -7.800 0
   39.800   -7.800 3
   39.800   -7.800 7
   39.800   -7.800 5
   39.800   -7.800 0
   39.800   -7.800 4
   39.800   -7.800 5
   39.800   -7.800 2
   39.800   -7.800 0
   39.800   -7.800 13
   39.800   -7.800 29
   39.800   -7.800 15
   39.800   -7.800 12
   39.800   -7.800 0
   39.800   -7.800 12
   39.800   -7.800 31
   39.800   -7.800 15
   39.800   -7.800 15
   39.800   -7.800 9
   39.800   -7.800 3
   39.800   -7.800 2
   39.800   -7.800 4
   39.800   -7.800 3
   39.800   -7.800 0
   39.800   -7.800 0
   39.800   -7.800 0
   39.800   -7.800 0
   39.800   -7.800 1
   39.800   -7.800 0
   39.800   -7.800 0
   39.800   -7.800 0
   39.800   -7.800 0
   39.800   -7.800 0
   39.800   -7.800 0
   39.800   -7.800 0
   39.800   -7.800 0
   39.800   -7.800 0
   39.800   -7.800 0
   39.800   -7.800 0
   39.800   -7.800 0
   39.800   -7.800 0
   39.800   -7.800 0
   39.800   -7.800 0
   39.800   -7.800 0
   39.800   -7.800 0
   39.800   -7.800 0
   39.800   -7.800 0
   39.800   -7.800 0
   39.800   -7.800 0
   39.800   -7.800 0
   39.800   -7.800 0
   39.800   -7.800 2
   39.800   -7.800 0
   39.800   -7.800 0
   39.800   -7.800 0
   39.800   -7.800 0
   39.800   -7.800 0
   39.800   -7.800 0
   39.800   -7.800 0
   39.800   -7.800 0
   39.800   -7.800 0
   39.800   -7.800 0
   39.800   -7.800 0
   39.800   -7.800 0
   39.800   -7.800 0
   39.800   -7.800 0
   39.800   -7.800 0
   39.800   -7.800 0
   39.800   -7.800 0
   39.800   -7.800 0
   39.800   -7.800 0
   39.800   -7.800 0
   39.800   -7.800 0
   39.800   -7.800 0
   39.800   -7.800 0
   39.800   -7.800 3
   39.800   -7.800 0
   39.800   -7.800 0
   39.800   -7.800 0
   39.800   -7.800 0
   39.800   -7.800 0
   39.800   -7.800 0
   39.800   -7.800 0
   39.800   -7.800 0
   39.800   -7.800 0
   39.800   -7.800 0
   39.800   -7.800 0
   39.800   -7.800 0
   39.800   -7.800 0
   39.800   -7.800 0
   39.800   -7.800 0
   39.800   -7.800 0
   39.800   -7.800 0
   39.800   -7.800 0
   39.800   -7.800 0
   39.800   -7.800 0
   39.800   -7.800 11
   39.800   -7.800 0
   39.800   -7.800 0
   39.800   -7.800 0
   39.800   -7.800 0
   39.800   -7.800 0
   39.800   -7.800 0
   39.800   -7.800 0
   39.800   -7.800 0
   39.800   -7.800 0
   39.800   -7.800 0
   39.800   -7.800 0
   39.800   -7.800 0
   39.800   -7.800 0
   39.800   -7.800 0
   39.800   -7.800 0
   39.800   -7.800 0
   39.800   -7.800 0
   39.800   -7.800 0
   39.800   -7.800 0
   39.800   -7.800 0
   39.800   -7.800 0
   39.800   -7.800 0
   39.800   -7.800 0
   39.800   -7.800 0
   39.800   -7.800 0
   39.800   -7.800 0
   39.800   -7.800 0
   39.800   -7.800 0
   39.800   -7.800 3
   39.800   -7.800 0
   39.800   -7.800 0
   39.800   -7.800 0
   39.800   -7.800 0
   39.800   -7.800 0
   39.800   -7.800 0
   39.800   -7.800 0
   39.800   -7.800 0
   39.800   -7.800 0
   39.800   -7.800 0
   39.800   -7.800 0
   39.800   -7.800 0
   39.800   -7.800 0
   39.800   -7.800 0
   39.800   -7.800 0
   39.800   -7.800 0
   39.800   -7.800 0
   39.800   -7.800 0
   39.800   -7.800 1
   39.800   -7.800 0
   39.800   -7.800 0
   39.800   -7.800 0
   39.800   -7.800 0
   39.800   -7.800 0
   39.800   -7.800 0
   39.800   -7.800 0
   39.800   -7.800 1
   39.800   -7.800 2
   39.800   -7.800 0
   39.800   -7.800 0
   39.800   -7.800 0
   39.800   -7.800 0
   39.800   -7.800 0
   39.800   -7.800 0
   39.800   -7.800 0
   39.800   -7.800 0
   39.800   -7.800 14
   39.800   -7.800 7
   39.800   -7.800 0
   39.800   -7.800 1
   39.800   -7.800 0
   39.800   -7.800 0
   39.800   -7.800 0
   39.800   -7.800 0
   39.800   -7.800 0
   39.800   -7.800 0
   39.800   -7.800 0
   39.800   -7.800 0
   39.800   -7.800 6
   39.800   -7.800 9
   39.800   -7.800 0
   39.800   -7.800 0
   39.800   -7.800 2
   39.800   -7.800 0
   39.800   -7.800 0
   39.800   -7.800 0
   39.800   -7.800 6
   39.800   -7.800 25
   39.800   -7.800 12
   39.800   -7.800 0
   39.800   -7.800 0
   39.800   -7.800 0
   39.800   -7.800 0
   39.800   -7.800 0
   39.800   -7.800 0
   39.800   -7.800 0
   39.800   -7.800 0
   39.800   -7.800 0
   39.800   -7.800 11
   39.800   -7.800 0
   39.800   -7.800 12
   39.800   -7.800 12
   39.800   -7.800 0
   39.800   -7.800 15
   39.800   -7.800 20
   39.800   -7.800 8
   39.800   -7.800 2
   39.800   -7.800 0
   39.800   -7.800 0
   39.800   -7.800 0
   39.800   -7.800 0
   39.800   -7.800 18
   39.800   -7.800 3
   39.800   -7.800 2
   39.800   -7.800 0
   39.800   -7.800 1
   39.800   -7.800 0
   39.800   -7.800 0
   39.800   -7.800 1
   39.800   -7.800 1
   39.800   -7.800 20
   39.800   -7.800 40
   39.800   -7.800 6
   39.800   -7.800 24
   39.800   -7.800 4
   39.800   -7.800 4
   39.800   -7.800 7
   39.800   -7.800 14
   39.800   -7.800 0
   39.800   -7.800 45
   39.800   -7.800 16
   39.800   -7.800 1
   39.800   -7.800 10
   39.800   -7.800 28
   39.800   -7.800 22
   39.800   -7.800 75
   39.800   -7.800 7
   39.800   -7.800 3
   39.800   -7.800 3
   39.800   -7.800 1
   39.800   -7.800 0
   39.800   -7.800 6
   39.800   -7.800 4
   39.800   -7.800 1
   39.800   -7.800 0
   39.800   -7.800 0
   39.800   -7.800 4
   39.800   -7.800 0
   39.800   -7.800 9
   39.800   -7.800 13
   39.800   -7.800 42
   39.800   -7.800 8
   39.800   -7.800 31
   39.800   -7.800 10
   39.800   -7.800 11
   39.800   -7.800 17
   39.800   -7.800 18
   39.800   -7.800 10
   39.800   -7.800 9
   39.800   -7.800 3
