   40.600   -7.800 0
   40.600   -7.800 1
   40.600   -7.800 0
   40.600   -7.800 0
   40.600   -7.800 1
   40.600   -7.800 0
   40.600   -7.800 0
   40.600   -7.800 6
   40.600   -7.800 6
   40.600   -7.800 7
   40.600   -7.800 53
   40.600   -7.800 23
   40.600   -7.800 42
   40.600   -7.800 30
   40.600   -7.800 37
   40.600   -7.800 17
   40.600   -7.800 16
   40.600   -7.800 4
   40.600   -7.800 5
   40.600   -7.800 23
   40.600   -7.800 12
   40.600   -7.800 0
   40.600   -7.800 0
   40.600   -7.800 0
   40.600   -7.800 0
   40.600   -7.800 0
   40.600   -7.800 0
   40.600   -7.800 0
   40.600   -7.800 0
   40.600   -7.800 0
   40.600   -7.800 0
