   40.600   -7.200 50
   40.600   -7.200 3
   40.600   -7.200 2
   40.600   -7.200 14
   40.600   -7.200 21
   40.600   -7.200 12
   40.600   -7.200 12
   40.600   -7.200 16
   40.600   -7.200 5
   40.600   -7.200 14
   40.600   -7.200 1
   40.600   -7.200 1
   40.600   -7.200 8
   40.600   -7.200 4
   40.600   -7.200 12
   40.600   -7.200 3
   40.600   -7.200 32
   40.600   -7.200 14
   40.600   -7.200 4
   40.600   -7.200 2
   40.600   -7.200 0
   40.600   -7.200 0
   40.600   -7.200 0
   40.600   -7.200 0
   40.600   -7.200 0
   40.600   -7.200 0
   40.600   -7.200 0
   40.600   -7.200 0
   40.600   -7.200 0
   40.600   -7.200 0
   40.600   -7.200 0
