   40.600   -7.200 17
   40.600   -7.200 12
   40.600   -7.200 10
   40.600   -7.200 18
   40.600   -7.200 8
   40.600   -7.200 0
   40.600   -7.200 25
   40.600   -7.200 37
   40.600   -7.200 32
   40.600   -7.200 63
   40.600   -7.200 13
   40.600   -7.200 39
   40.600   -7.200 54
   40.600   -7.200 4
   40.600   -7.200 0
   40.600   -7.200 2
   40.600   -7.200 2
   40.600   -7.200 0
   40.600   -7.200 0
   40.600   -7.200 0
   40.600   -7.200 0
   40.600   -7.200 3
   40.600   -7.200 11
   40.600   -7.200 1
   40.600   -7.200 1
   40.600   -7.200 0
   40.600   -7.200 1
   40.600   -7.200 0
   40.600   -7.200 10
   40.600   -7.200 11
