   38.200   -8.600 0
   38.200   -8.600 0
   38.200   -8.600 0
   38.200   -8.600 54
   38.200   -8.600 18
   38.200   -8.600 14
   38.200   -8.600 14
   38.200   -8.600 21
   38.200   -8.600 16
   38.200   -8.600 2
   38.200   -8.600 6
   38.200   -8.600 0
   38.200   -8.600 0
   38.200   -8.600 0
   38.200   -8.600 0
   38.200   -8.600 0
   38.200   -8.600 20
   38.200   -8.600 20
   38.200   -8.600 0
   38.200   -8.600 1
   38.200   -8.600 0
   38.200   -8.600 0
   38.200   -8.600 0
   38.200   -8.600 0
   38.200   -8.600 0
   38.200   -8.600 0
   38.200   -8.600 0
   38.200   -8.600 0
   38.200   -8.600 0
   38.200   -8.600 0
