   38.800   -9.200 17
   38.800   -9.200 3
   38.800   -9.200 16
   38.800   -9.200 15
   38.800   -9.200 4
   38.800   -9.200 32
   38.800   -9.200 32
   38.800   -9.200 6
   38.800   -9.200 2
   38.800   -9.200 1
   38.800   -9.200 0
   38.800   -9.200 0
   38.800   -9.200 0
   38.800   -9.200 2
   38.800   -9.200 7
   38.800   -9.200 0
   38.800   -9.200 0
   38.800   -9.200 1
   38.800   -9.200 1
   38.800   -9.200 1
   38.800   -9.200 0
   38.800   -9.200 2
   38.800   -9.200 6
   38.800   -9.200 8
   38.800   -9.200 0
   38.800   -9.200 0
   38.800   -9.200 0
   38.800   -9.200 0
   38.800   -9.200 0
   38.800   -9.200 0
   38.800   -9.200 0
