   40.600   -7.800 0
   40.600   -7.800 0
   40.600   -7.800 0
   40.600   -7.800 0
   40.600   -7.800 0
   40.600   -7.800 0
   40.600   -7.800 0
   40.600   -7.800 0
   40.600   -7.800 0
   40.600   -7.800 0
   40.600   -7.800 0
   40.600   -7.800 0
   40.600   -7.800 0
   40.600   -7.800 0
   40.600   -7.800 0
   40.600   -7.800 0
   40.600   -7.800 0
   40.600   -7.800 0
   40.600   -7.800 0
   40.600   -7.800 0
   40.600   -7.800 0
   40.600   -7.800 0
   40.600   -7.800 0
   40.600   -7.800 0
   40.600   -7.800 0
   40.600   -7.800 0
   40.600   -7.800 0
   40.600   -7.800 1
   40.600   -7.800 28
   40.600   -7.800 31
   40.600   -7.800 14
