   38.000   -7.800 0
   38.000   -7.800 0
   38.000   -7.800 0
   38.000   -7.800 19
   38.000   -7.800 0
   38.000   -7.800 0
   38.000   -7.800 0
   38.000   -7.800 0
   38.000   -7.800 3
   38.000   -7.800 9
   38.000   -7.800 6
   38.000   -7.800 2
   38.000   -7.800 4
   38.000   -7.800 0
   38.000   -7.800 0
   38.000   -7.800 4
   38.000   -7.800 27
   38.000   -7.800 9
   38.000   -7.800 1
   38.000   -7.800 0
   38.000   -7.800 6
   38.000   -7.800 0
   38.000   -7.800 0
   38.000   -7.800 0
   38.000   -7.800 0
   38.000   -7.800 0
   38.000   -7.800 0
   38.000   -7.800 0
   38.000   -7.800 0
   38.000   -7.800 0
   38.000   -7.800 0
