   38.600   -7.400 0
   38.600   -7.400 0
   38.600   -7.400 0
   38.600   -7.400 6
   38.600   -7.400 1
   38.600   -7.400 14
   38.600   -7.400 24
   38.600   -7.400 1
   38.600   -7.400 0
   38.600   -7.400 0
   38.600   -7.400 1
   38.600   -7.400 1
   38.600   -7.400 0
   38.600   -7.400 0
   38.600   -7.400 0
   38.600   -7.400 0
   38.600   -7.400 0
   38.600   -7.400 0
   38.600   -7.400 0
   38.600   -7.400 2
   38.600   -7.400 0
   38.600   -7.400 0
   38.600   -7.400 7
   38.600   -7.400 6
   38.600   -7.400 10
   38.600   -7.400 0
   38.600   -7.400 0
   38.600   -7.400 0
   38.600   -7.400 0
   38.600   -7.400 11
