   38.600   -7.400 0
   38.600   -7.400 3
   38.600   -7.400 0
   38.600   -7.400 51
   38.600   -7.400 9
   38.600   -7.400 5
   38.600   -7.400 44
   38.600   -7.400 10
   38.600   -7.400 21
   38.600   -7.400 6
   38.600   -7.400 17
   38.600   -7.400 23
   38.600   -7.400 19
   38.600   -7.400 0
   38.600   -7.400 0
   38.600   -7.400 0
   38.600   -7.400 0
   38.600   -7.400 18
   38.600   -7.400 6
   38.600   -7.400 1
   38.600   -7.400 0
   38.600   -7.400 0
   38.600   -7.400 1
   38.600   -7.400 2
   38.600   -7.400 0
   38.600   -7.400 0
   38.600   -7.400 0
   38.600   -7.400 0
   38.600   -7.400 0
   38.600   -7.400 0
   38.600   -7.400 0
