   41.800   -8.000 0
   41.800   -8.000 0
   41.800   -8.000 0
   41.800   -8.000 1
   41.800   -8.000 19
   41.800   -8.000 26
   41.800   -8.000 8
   41.800   -8.000 21
   41.800   -8.000 16
   41.800   -8.000 0
   41.800   -8.000 6
   41.800   -8.000 4
   41.800   -8.000 5
   41.800   -8.000 29
   41.800   -8.000 20
   41.800   -8.000 9
   41.800   -8.000 8
   41.800   -8.000 8
   41.800   -8.000 5
   41.800   -8.000 6
   41.800   -8.000 1
   41.800   -8.000 2
   41.800   -8.000 0
   41.800   -8.000 0
   41.800   -8.000 0
   41.800   -8.000 0
   41.800   -8.000 0
   41.800   -8.000 0
   41.800   -8.000 0
