   38.800   -9.200 11
   38.800   -9.200 0
   38.800   -9.200 5
   38.800   -9.200 0
   38.800   -9.200 0
   38.800   -9.200 0
   38.800   -9.200 0
   38.800   -9.200 0
   38.800   -9.200 0
   38.800   -9.200 0
   38.800   -9.200 0
   38.800   -9.200 0
   38.800   -9.200 0
   38.800   -9.200 0
   38.800   -9.200 0
   38.800   -9.200 0
   38.800   -9.200 0
   38.800   -9.200 0
   38.800   -9.200 0
   38.800   -9.200 3
   38.800   -9.200 13
   38.800   -9.200 2
   38.800   -9.200 1
   38.800   -9.200 3
   38.800   -9.200 13
   38.800   -9.200 0
   38.800   -9.200 15
   38.800   -9.200 43
   38.800   -9.200 6
