   41.400   -8.200 28
   41.400   -8.200 0
   41.400   -8.200 0
   41.400   -8.200 0
   41.400   -8.200 0
   41.400   -8.200 0
   41.400   -8.200 0
   41.400   -8.200 0
   41.400   -8.200 0
   41.400   -8.200 15
   41.400   -8.200 24
   41.400   -8.200 20
   41.400   -8.200 78
   41.400   -8.200 3
   41.400   -8.200 0
   41.400   -8.200 0
   41.400   -8.200 1
   41.400   -8.200 6
   41.400   -8.200 23
   41.400   -8.200 5
   41.400   -8.200 16
   41.400   -8.200 21
   41.400   -8.200 23
   41.400   -8.200 46
   41.400   -8.200 48
   41.400   -8.200 18
   41.400   -8.200 22
   41.400   -8.200 28
   41.400   -8.200 18
   41.400   -8.200 11
   41.400   -8.200 5
