   40.600   -7.200 8
   40.600   -7.200 1
   40.600   -7.200 23
   40.600   -7.200 11
   40.600   -7.200 12
   40.600   -7.200 0
   40.600   -7.200 0
   40.600   -7.200 0
   40.600   -7.200 0
   40.600   -7.200 1
   40.600   -7.200 8
   40.600   -7.200 0
   40.600   -7.200 0
   40.600   -7.200 0
   40.600   -7.200 0
   40.600   -7.200 4
   40.600   -7.200 9
   40.600   -7.200 1
   40.600   -7.200 1
   40.600   -7.200 0
   40.600   -7.200 0
   40.600   -7.200 0
   40.600   -7.200 0
   40.600   -7.200 5
   40.600   -7.200 20
   40.600   -7.200 50
   40.600   -7.200 4
   40.600   -7.200 0
   40.600   -7.200 0
   40.600   -7.200 6
   40.600   -7.200 6
