   41.800   -8.000 14
   41.800   -8.000 3
   41.800   -8.000 1
   41.800   -8.000 0
   41.800   -8.000 0
   41.800   -8.000 0
   41.800   -8.000 14
   41.800   -8.000 20
   41.800   -8.000 22
   41.800   -8.000 21
   41.800   -8.000 20
   41.800   -8.000 22
   41.800   -8.000 15
   41.800   -8.000 6
   41.800   -8.000 18
   41.800   -8.000 2
   41.800   -8.000 21
   41.800   -8.000 22
   41.800   -8.000 42
   41.800   -8.000 21
   41.800   -8.000 22
   41.800   -8.000 10
   41.800   -8.000 6
   41.800   -8.000 1
   41.800   -8.000 23
   41.800   -8.000 0
   41.800   -8.000 21
   41.800   -8.000 0
   41.800   -8.000 0
