   41.600   -8.200 0
   41.600   -8.200 0
   41.600   -8.200 0
   41.600   -8.200 0
   41.600   -8.200 0
   41.600   -8.200 0
   41.600   -8.200 7
   41.600   -8.200 7
   41.600   -8.200 9
   41.600   -8.200 0
   41.600   -8.200 9
   41.600   -8.200 26
   41.600   -8.200 24
   41.600   -8.200 20
   41.600   -8.200 37
   41.600   -8.200 9
   41.600   -8.200 18
   41.600   -8.200 14
   41.600   -8.200 0
   41.600   -8.200 0
   41.600   -8.200 8
   41.600   -8.200 28
   41.600   -8.200 65
   41.600   -8.200 34
   41.600   -8.200 50
   41.600   -8.200 37
   41.600   -8.200 31
   41.600   -8.200 12
   41.600   -8.200 18
   41.600   -8.200 8
   41.600   -8.200 24
