   40.600   -7.800 0
   40.600   -7.800 0
   40.600   -7.800 10
   40.600   -7.800 8
   40.600   -7.800 0
   40.600   -7.800 0
   40.600   -7.800 0
   40.600   -7.800 0
   40.600   -7.800 0
   40.600   -7.800 0
   40.600   -7.800 0
   40.600   -7.800 0
   40.600   -7.800 0
   40.600   -7.800 0
   40.600   -7.800 1
   40.600   -7.800 31
   40.600   -7.800 12
   40.600   -7.800 2
   40.600   -7.800 20
   40.600   -7.800 23
   40.600   -7.800 7
   40.600   -7.800 19
   40.600   -7.800 1
   40.600   -7.800 7
   40.600   -7.800 30
   40.600   -7.800 0
   40.600   -7.800 1
   40.600   -7.800 0
   40.600   -7.800 0
   40.600   -7.800 0
   40.600   -7.800 0
