   40.600   -7.800 14
   40.600   -7.800 29
   40.600   -7.800 21
   40.600   -7.800 18
   40.600   -7.800 1
   40.600   -7.800 0
   40.600   -7.800 6
   40.600   -7.800 3
   40.600   -7.800 23
   40.600   -7.800 12
   40.600   -7.800 1
   40.600   -7.800 0
   40.600   -7.800 0
   40.600   -7.800 0
   40.600   -7.800 0
   40.600   -7.800 0
   40.600   -7.800 0
   40.600   -7.800 0
   40.600   -7.800 0
   40.600   -7.800 0
   40.600   -7.800 0
   40.600   -7.800 0
   40.600   -7.800 3
   40.600   -7.800 15
   40.600   -7.800 2
   40.600   -7.800 0
   40.600   -7.800 0
   40.600   -7.800 3
   40.600   -7.800 0
   40.600   -7.800 0
