   40.600   -7.800 0
   40.600   -7.800 0
   40.600   -7.800 18
   40.600   -7.800 8
   40.600   -7.800 5
   40.600   -7.800 11
   40.600   -7.800 1
   40.600   -7.800 0
   40.600   -7.800 3
   40.600   -7.800 0
   40.600   -7.800 0
   40.600   -7.800 0
   40.600   -7.800 0
   40.600   -7.800 0
   40.600   -7.800 0
   40.600   -7.800 0
   40.600   -7.800 0
   40.600   -7.800 0
   40.600   -7.800 1
   40.600   -7.800 22
   40.600   -7.800 11
   40.600   -7.800 19
   40.600   -7.800 30
   40.600   -7.800 11
   40.600   -7.800 24
   40.600   -7.800 23
   40.600   -7.800 0
   40.600   -7.800 0
   40.600   -7.800 6
