   41.600   -8.200 0
   41.600   -8.200 0
   41.600   -8.200 0
   41.600   -8.200 0
   41.600   -8.200 0
   41.600   -8.200 1
   41.600   -8.200 0
   41.600   -8.200 1
   41.600   -8.200 3
   41.600   -8.200 18
   41.600   -8.200 0
   41.600   -8.200 0
   41.600   -8.200 2
   41.600   -8.200 0
   41.600   -8.200 0
   41.600   -8.200 0
   41.600   -8.200 0
   41.600   -8.200 0
   41.600   -8.200 13
   41.600   -8.200 1
   41.600   -8.200 0
   41.600   -8.200 0
   41.600   -8.200 0
   41.600   -8.200 33
   41.600   -8.200 16
   41.600   -8.200 27
   41.600   -8.200 11
   41.600   -8.200 27
   41.600   -8.200 0
   41.600   -8.200 0
