   41.600   -8.200 0
   41.600   -8.200 7
   41.600   -8.200 23
   41.600   -8.200 38
   41.600   -8.200 16
   41.600   -8.200 18
   41.600   -8.200 21
   41.600   -8.200 18
   41.600   -8.200 18
   41.600   -8.200 6
   41.600   -8.200 7
   41.600   -8.200 16
   41.600   -8.200 8
   41.600   -8.200 2
   41.600   -8.200 3
   41.600   -8.200 13
   41.600   -8.200 33
   41.600   -8.200 50
   41.600   -8.200 32
   41.600   -8.200 46
   41.600   -8.200 10
   41.600   -8.200 35
   41.600   -8.200 25
   41.600   -8.200 10
   41.600   -8.200 3
   41.600   -8.200 7
   41.600   -8.200 3
   41.600   -8.200 0
