   39.600   -8.800 2
   39.600   -8.800 1
   39.600   -8.800 12
   39.600   -8.800 16
   39.600   -8.800 4
   39.600   -8.800 0
   39.600   -8.800 0
   39.600   -8.800 0
   39.600   -8.800 0
   39.600   -8.800 6
   39.600   -8.800 6
   39.600   -8.800 8
   39.600   -8.800 0
   39.600   -8.800 0
   39.600   -8.800 3
   39.600   -8.800 8
   39.600   -8.800 8
   39.600   -8.800 6
   39.600   -8.800 0
   39.600   -8.800 1
   39.600   -8.800 0
   39.600   -8.800 0
   39.600   -8.800 1
   39.600   -8.800 8
   39.600   -8.800 6
   39.600   -8.800 16
   39.600   -8.800 1
   39.600   -8.800 0
   39.600   -8.800 2
   39.600   -8.800 16
   39.600   -8.800 21
