   39.600   -8.800 52
   39.600   -8.800 65
   39.600   -8.800 9
   39.600   -8.800 18
   39.600   -8.800 8
   39.600   -8.800 6
   39.600   -8.800 1
   39.600   -8.800 5
   39.600   -8.800 7
   39.600   -8.800 4
   39.600   -8.800 3
   39.600   -8.800 2
   39.600   -8.800 0
   39.600   -8.800 2
   39.600   -8.800 7
   39.600   -8.800 8
   39.600   -8.800 4
   39.600   -8.800 2
   39.600   -8.800 9
   39.600   -8.800 3
   39.600   -8.800 0
   39.600   -8.800 0
   39.600   -8.800 0
   39.600   -8.800 0
   39.600   -8.800 6
   39.600   -8.800 1
   39.600   -8.800 1
   39.600   -8.800 0
   39.600   -8.800 0
