   39.600   -8.800 1
   39.600   -8.800 0
   39.600   -8.800 0
   39.600   -8.800 0
   39.600   -8.800 0
   39.600   -8.800 0
   39.600   -8.800 0
   39.600   -8.800 7
   39.600   -8.800 40
   39.600   -8.800 0
   39.600   -8.800 21
   39.600   -8.800 13
   39.600   -8.800 3
   39.600   -8.800 3
   39.600   -8.800 3
   39.600   -8.800 0
   39.600   -8.800 0
   39.600   -8.800 0
   39.600   -8.800 0
   39.600   -8.800 0
   39.600   -8.800 0
   39.600   -8.800 0
   39.600   -8.800 0
   39.600   -8.800 0
   39.600   -8.800 7
   39.600   -8.800 16
   39.600   -8.800 7
   39.600   -8.800 14
   39.600   -8.800 7
   39.600   -8.800 8
   39.600   -8.800 1
