   40.600   -7.200 2
   40.600   -7.200 0
   40.600   -7.200 6
   40.600   -7.200 54
   40.600   -7.200 28
   40.600   -7.200 2
   40.600   -7.200 0
   40.600   -7.200 1
   40.600   -7.200 0
   40.600   -7.200 0
   40.600   -7.200 0
   40.600   -7.200 0
   40.600   -7.200 0
   40.600   -7.200 0
   40.600   -7.200 0
   40.600   -7.200 0
   40.600   -7.200 0
   40.600   -7.200 0
   40.600   -7.200 0
   40.600   -7.200 3
   40.600   -7.200 2
   40.600   -7.200 6
   40.600   -7.200 2
   40.600   -7.200 0
   40.600   -7.200 5
   40.600   -7.200 31
   40.600   -7.200 6
   40.600   -7.200 12
   40.600   -7.200 19
   40.600   -7.200 0
